0.0974351
0.0737442
0.0560855
0.0428708
0.0329405
0.0254455
0.0197628
0.0154339
0.01212
0.00957048
0.00759896
0.00606645
0.00486893
0.00392824
0.00318538
0.00259569
0.00212514
0.00174775
0.00144358
0.00119721
0.000996738
0.000832862
0.000698317
0.000587393
0.000495576
0.000419288
0.000355674
0.000302448
0.00025777
0.000220156
0.000188398
0.000161514
0.000138701
0.000119296
0.000102757
8.86314e-05
7.65461e-05
6.61892e-05
5.73003e-05
4.96611e-05
4.30882e-05
3.74272e-05
3.25476e-05
2.83391e-05
2.47079e-05
2.15747e-05
1.8872e-05
1.65422e-05
1.45365e-05
1.28131e-05
1.13368e-05
1.00775e-05
9.00987e-06
8.11246e-06
7.3675e-06
6.76026e-06
6.27881e-06
5.91374e-06
5.65793e-06
5.50641e-06
5.45622e-06
5.50641e-06
5.65793e-06
5.91374e-06
6.27881e-06
6.76026e-06
7.3675e-06
8.11246e-06
9.00987e-06
1.00775e-05
1.13368e-05
1.28131e-05
1.45365e-05
1.65422e-05
1.8872e-05
2.15747e-05
2.47079e-05
2.83391e-05
3.25476e-05
3.74272e-05
4.30882e-05
4.96611e-05
5.73003e-05
6.61892e-05
7.65461e-05
8.86314e-05
0.000102757
0.000119296
0.000138701
0.000161514
0.000188398
0.000220156
0.00025777
0.000302448
0.000355674
0.000419288
0.000495576
0.000587393
0.000698317
0.000832862
0.000996738
0.00119721
0.00144358
0.00174775
0.00212514
0.00259569
0.00318538
0.00392824
0.00486893
0.00606645
0.00759896
0.00957048
0.01212
0.0154339
0.0197628
0.0254455
0.0329405
0.0428708
0.0560855
0.0737442
