0 1.129490137224469e-01 6.364670065182126e-01 6.464114247807878e-01
1 1.129490137502569e-01 6.364670065182126e-01 6.464114247856471e-01
2 1.129490133326132e-01 6.364670065181840e-01 6.464114247126429e-01
3 1.129490133048347e-01 6.364670065181511e-01 6.464114247077568e-01
4 1.129490133048267e-01 -6.364670065181465e-01 6.464114247077507e-01
5 1.129490133326108e-01 -6.364670065181813e-01 6.464114247126399e-01
6 1.129490137502492e-01 -6.364670065182121e-01 6.464114247856452e-01
7 1.129490137224459e-01 -6.364670065182070e-01 6.464114247807821e-01
8 4.153462464305591e-01 1.230834555339000e+00 1.299025098695368e+00
9 4.153462464713502e-01 1.230834555339009e+00 1.299025098708418e+00
10 4.153462462546235e-01 1.230834555338999e+00 1.299025098639113e+00
11 4.153462462138806e-01 1.230834555338951e+00 1.299025098626041e+00
12 4.153462462138811e-01 -1.230834555338958e+00 1.299025098626048e+00
13 4.153462464713532e-01 -1.230834555339024e+00 1.299025098708433e+00
14 4.153462462546269e-01 -1.230834555338994e+00 1.299025098639109e+00
15 4.153462464305616e-01 -1.230834555338994e+00 1.299025098695362e+00
16 5.297082708348518e-01 9.571627600791764e-01 1.093961334542147e+00
17 5.297082707604928e-01 9.571627600794026e-01 1.093961334506340e+00
18 5.297082699497251e-01 9.571627600799992e-01 1.093961334114279e+00
19 5.297082699990729e-01 9.571627600843169e-01 1.093961334141951e+00
20 5.297082704224398e-01 9.571627600884935e-01 1.093961334350605e+00
21 5.297082704137579e-01 9.571627600864944e-01 1.093961334344652e+00
22 5.297082703143778e-01 9.571627600931153e-01 1.093961334302324e+00
23 5.297082703178708e-01 9.571627600954002e-01 1.093961334306014e+00
24 5.297082708348444e-01 -9.571627600791651e-01 1.093961334542134e+00
25 5.297082707604791e-01 -9.571627600793841e-01 1.093961334506317e+00
26 5.297082699497232e-01 -9.571627600799968e-01 1.093961334114276e+00
27 5.297082699990736e-01 -9.571627600843144e-01 1.093961334141950e+00
28 5.297082704137522e-01 -9.571627600864976e-01 1.093961334344652e+00
29 5.297082704224392e-01 -9.571627600884942e-01 1.093961334350605e+00
30 5.297082703178839e-01 -9.571627600953958e-01 1.093961334306017e+00
31 5.297082703143939e-01 -9.571627600931127e-01 1.093961334302329e+00
32 9.741034834546826e-01 1.756285180604734e+00 2.008336433989671e+00
33 9.741034834972374e-01 1.756285180604778e+00 2.008336434010351e+00
34 9.741034833445323e-01 1.756285180604746e+00 2.008336433936256e+00
35 9.741034833020397e-01 1.756285180604726e+00 2.008336433915628e+00
36 8.315368662264044e-01 1.423675521373210e+00 1.648728464620815e+00
37 8.315368660881993e-01 1.423675521368982e+00 1.648728464547461e+00
38 8.315368655383319e-01 1.423675521368190e+00 1.648728464269451e+00
39 8.315368656253086e-01 1.423675521368110e+00 1.648728464313248e+00
40 8.315368659012353e-01 1.423675521380765e+00 1.648728464463340e+00
41 8.315368658831392e-01 1.423675521374273e+00 1.648728464448608e+00
42 8.315368658185119e-01 1.423675521381160e+00 1.648728464421960e+00
43 8.315368658316469e-01 1.423675521388180e+00 1.648728464434646e+00
44 9.741034833020261e-01 -1.756285180604730e+00 2.008336433915626e+00
45 9.741034834972224e-01 -1.756285180604785e+00 2.008336434010349e+00
46 9.741034833445517e-01 -1.756285180604772e+00 2.008336433936288e+00
47 9.741034834547022e-01 -1.756285180604763e+00 2.008336433989707e+00
48 8.315368662264052e-01 -1.423675521373210e+00 1.648728464620815e+00
49 8.315368655383284e-01 -1.423675521368192e+00 1.648728464269450e+00
50 8.315368656252976e-01 -1.423675521368099e+00 1.648728464313234e+00
51 8.315368660881993e-01 -1.423675521368972e+00 1.648728464547452e+00
52 8.315368658185190e-01 -1.423675521381154e+00 1.648728464421958e+00
53 8.315368658316538e-01 -1.423675521388171e+00 1.648728464434641e+00
54 8.315368658831571e-01 -1.423675521374269e+00 1.648728464448613e+00
55 8.315368659012262e-01 -1.423675521380761e+00 1.648728464463332e+00
56 1.390012297505441e+00 1.896535581194898e+00 2.351378616461973e+00
57 1.390012297353843e+00 1.896535581186168e+00 2.351378616365316e+00
58 1.390012296931720e+00 1.896535581188203e+00 2.351378616117419e+00
59 1.390012297020419e+00 1.896535581183859e+00 2.351378616166350e+00
60 1.390012297235983e+00 1.896535581206152e+00 2.351378616311761e+00
61 1.390012297185446e+00 1.896535581207282e+00 2.351378616282798e+00
62 1.390012297164009e+00 1.896535581200339e+00 2.351378616264525e+00
63 1.390012297212752e+00 1.896535581193724e+00 2.351378616288004e+00
64 1.704154999309360e+00 2.048023699885836e+00 2.664309542257647e+00
65 1.704154999352219e+00 2.048023699885871e+00 2.664309542285088e+00
66 1.704154999177931e+00 2.048023699885821e+00 2.664309542173570e+00
67 1.704154999220715e+00 2.048023699885821e+00 2.664309542200936e+00
68 1.390012297505455e+00 -1.896535581194889e+00 2.351378616461974e+00
69 1.390012296931718e+00 -1.896535581188176e+00 2.351378616117397e+00
70 1.390012297020413e+00 -1.896535581183820e+00 2.351378616166315e+00
71 1.390012297353824e+00 -1.896535581186136e+00 2.351378616365278e+00
72 1.390012297236019e+00 -1.896535581206152e+00 2.351378616311782e+00
73 1.390012297212723e+00 -1.896535581193711e+00 2.351378616287977e+00
74 1.390012297164019e+00 -1.896535581200347e+00 2.351378616264538e+00
75 1.390012297185445e+00 -1.896535581207272e+00 2.351378616282789e+00
76 1.704154999177915e+00 -2.048023699885811e+00 2.664309542173553e+00
77 1.704154999352199e+00 -2.048023699885855e+00 2.664309542285063e+00
78 1.704154999220755e+00 -2.048023699885831e+00 2.664309542200970e+00
79 1.704154999309358e+00 -2.048023699885823e+00 2.664309542257635e+00
80 1.108001057980843e+00 1.102265116847758e+00 1.562899463275251e+00
81 1.108001057815067e+00 1.102265116785890e+00 1.562899463114093e+00
82 1.108001057586640e+00 1.102265116965753e+00 1.562899463079003e+00
83 1.108001057555004e+00 1.102265116906508e+00 1.562899463014792e+00
84 1.108001056996350e+00 1.102265116798950e+00 1.562899462542883e+00
85 1.108001057036756e+00 1.102265116772849e+00 1.562899462553119e+00
86 1.108001057099315e+00 1.102265117044019e+00 1.562899462788718e+00
87 1.108001057163532e+00 1.102265117036098e+00 1.562899462828658e+00
88 1.108001057404204e+00 1.102265116894735e+00 1.562899462899580e+00
89 1.108001057404184e+00 1.102265116894722e+00 1.562899462899557e+00
90 6.465390068554841e+00 4.330649674959605e-01 6.479877622659232e+00
91 6.465390068295433e+00 4.330649674959905e-01 6.479877622400405e+00
92 6.465390068514228e+00 4.330649674959131e-01 6.479877622618706e+00
93 6.465390068336053e+00 4.330649674959869e-01 6.479877622440934e+00
94 1.108001057404179e+00 1.102265116894727e+00 1.562899462899557e+00
95 6.465390068336109e+00 -4.330649674959822e-01 6.479877622440990e+00
96 6.465390068295397e+00 -4.330649674959853e-01 6.479877622400369e+00
97 6.465390068554854e+00 -4.330649674959574e-01 6.479877622659245e+00
98 6.465390068514317e+00 -4.330649674959118e-01 6.479877622618795e+00
99 1.108001057404196e+00 1.102265116894730e+00 1.562899462899572e+00
100 1.108001057980845e+00 -1.102265116847753e+00 1.562899463275250e+00
101 1.108001057815066e+00 -1.102265116785878e+00 1.562899463114083e+00
102 1.108001056996343e+00 -1.102265116798966e+00 1.562899462542889e+00
103 1.108001057036746e+00 -1.102265116772868e+00 1.562899462553126e+00
104 1.108001057099327e+00 -1.102265117043999e+00 1.562899462788713e+00
105 1.108001057163562e+00 -1.102265117036090e+00 1.562899462828674e+00
106 1.108001057586639e+00 -1.102265116965773e+00 1.562899463079017e+00
107 1.108001057555021e+00 -1.102265116906528e+00 1.562899463014818e+00
108 1.108001057404217e+00 -1.102265116894741e+00 1.562899462899594e+00
109 1.108001057404172e+00 -1.102265116894748e+00 1.562899462899568e+00
110 6.426130356425638e+00 5.424393732180093e-01 6.448983782844568e+00
111 6.426130357009805e+00 5.424393733645840e-01 6.448983783438995e+00
112 6.426130356808695e+00 5.424393731473510e-01 6.448983783220325e+00
113 6.426130356477417e+00 5.424393733603964e-01 6.448983782908140e+00
114 6.426130356767015e+00 5.424393734965925e-01 6.448983783208169e+00
115 6.426130356567566e+00 5.424393734403218e-01 6.448983783004693e+00
116 6.426130356788149e+00 5.424393733399283e-01 6.448983783216050e+00
117 6.426130356681476e+00 5.424393733988381e-01 6.448983783114710e+00
118 1.407280372239996e+00 1.525220714660659e+00 2.075267759717264e+00
119 1.407280371955812e+00 1.525220714555349e+00 2.075267759447156e+00
120 1.407280371326445e+00 1.525220714592083e+00 2.075267759047367e+00
121 1.407280371392964e+00 1.525220714575859e+00 2.075267759080551e+00
122 1.407280371460003e+00 1.525220714762485e+00 2.075267759263173e+00
123 1.407280371819167e+00 1.525220714759298e+00 2.075267759504386e+00
124 1.407280371605109e+00 1.525220714765106e+00 2.075267759363498e+00
125 1.407280371776650e+00 1.525220714656157e+00 2.075267759399752e+00
126 6.426130357009784e+00 -5.424393733645504e-01 6.448983783438971e+00
127 6.426130356425628e+00 -5.424393732180129e-01 6.448983782844560e+00
128 6.426130356477413e+00 -5.424393733604204e-01 6.448983782908140e+00
129 6.426130356808697e+00 -5.424393731473617e-01 6.448983783220328e+00
130 6.426130356567467e+00 -5.424393734402787e-01 6.448983783004590e+00
131 6.426130356767003e+00 -5.424393734965928e-01 6.448983783208157e+00
132 6.426130356788091e+00 -5.424393733399432e-01 6.448983783215994e+00
133 6.426130356681465e+00 -5.424393733988655e-01 6.448983783114701e+00
134 1.108001057404169e+00 -1.102265116894737e+00 1.562899462899557e+00
135 1.108001057404161e+00 -1.102265116894710e+00 1.562899462899533e+00
136 6.162992835545763e+00 1.139038506616888e+00 6.267367023762406e+00
137 6.162992835674432e+00 1.139038506616901e+00 6.267367023888935e+00
138 6.162992835588196e+00 1.139038506616936e+00 6.267367023804141e+00
139 6.162992835631981e+00 1.139038506616909e+00 6.267367023847192e+00
140 6.162992835545838e+00 -1.139038506616905e+00 6.267367023762482e+00
141 6.162992835588186e+00 -1.139038506616909e+00 6.267367023804125e+00
142 6.162992835674477e+00 -1.139038506616906e+00 6.267367023888980e+00
143 6.162992835632002e+00 -1.139038506616913e+00 6.267367023847213e+00
144 1.407280372239991e+00 -1.525220714660652e+00 2.075267759717256e+00
145 1.407280371326447e+00 -1.525220714592091e+00 2.075267759047374e+00
146 1.407280371392959e+00 -1.525220714575869e+00 2.075267759080555e+00
147 1.407280371460016e+00 -1.525220714762486e+00 2.075267759263182e+00
148 1.407280371955833e+00 -1.525220714555373e+00 2.075267759447188e+00
149 1.407280371605127e+00 -1.525220714765099e+00 2.075267759363505e+00
150 1.407280371776661e+00 -1.525220714656168e+00 2.075267759399767e+00
151 1.407280371819187e+00 -1.525220714759295e+00 2.075267759504398e+00
152 2.119966473605348e+00 2.169528259404961e+00 3.033333268463493e+00
153 2.119966473075811e+00 2.169528259397913e+00 3.033333268088363e+00
154 2.119966473451064e+00 2.169528259393261e+00 3.033333268347297e+00
155 2.119966473161906e+00 2.169528259392362e+00 3.033333268144565e+00
156 2.119966473359565e+00 2.169528259420560e+00 3.033333268302874e+00
157 2.119966473289850e+00 2.169528259409735e+00 3.033333268246409e+00
158 2.119966473314474e+00 2.169528259414771e+00 3.033333268267220e+00
159 2.119966473332866e+00 2.169528259403268e+00 3.033333268271847e+00
160 6.462507810770816e+00 4.484518358254991e-01 6.478048799857027e+00
161 6.462507811502698e+00 4.484518359654042e-01 6.478048800596839e+00
162 6.462507811446523e+00 4.484518357656146e-01 6.478048800526968e+00
163 6.462507810899830e+00 4.484518361065796e-01 6.478048800005189e+00
164 6.462507811107611e+00 4.484518359110548e-01 6.478048800198937e+00
165 6.462507811195361e+00 4.484518358854639e-01 6.478048800284704e+00
166 6.462507811095837e+00 4.484518359351195e-01 6.478048800188857e+00
167 6.462507811213812e+00 4.484518358988355e-01 6.478048800304038e+00
168 6.462507810770797e+00 -4.484518358255167e-01 6.478048799857009e+00
169 6.462507810899798e+00 -4.484518361065780e-01 6.478048800005158e+00
170 6.462507811502659e+00 -4.484518359654288e-01 6.478048800596801e+00
171 6.462507811446493e+00 -4.484518357655981e-01 6.478048800526936e+00
172 6.462507811213811e+00 -4.484518358988222e-01 6.478048800304035e+00
173 6.462507811095842e+00 -4.484518359351252e-01 6.478048800188861e+00
174 6.462507811195429e+00 -4.484518358854435e-01 6.478048800284770e+00
175 6.462507811107683e+00 -4.484518359110870e-01 6.478048800199010e+00
176 1.407280371697049e+00 1.525220714665883e+00 2.075267759352920e+00
177 6.143587540233094e+00 8.125671554740137e-01 6.197090708280979e+00
178 6.143587540069603e+00 8.125671554916143e-01 6.197090708121207e+00
179 1.407280371697042e+00 1.525220714665866e+00 2.075267759352903e+00
180 1.407280371697039e+00 1.525220714665888e+00 2.075267759352917e+00
181 1.407280371697029e+00 1.525220714665870e+00 2.075267759352898e+00
182 1.407280371697072e+00 -1.525220714665910e+00 2.075267759352956e+00
183 1.407280371697030e+00 -1.525220714665869e+00 2.075267759352898e+00
184 1.407280371697034e+00 -1.525220714665860e+00 2.075267759352894e+00
185 2.119966473605324e+00 -2.169528259404966e+00 3.033333268463479e+00
186 2.119966473075794e+00 -2.169528259397920e+00 3.033333268088356e+00
187 2.119966473161909e+00 -2.169528259392371e+00 3.033333268144573e+00
188 2.119966473451059e+00 -2.169528259393223e+00 3.033333268347266e+00
189 2.119966473359594e+00 -2.169528259420588e+00 3.033333268302914e+00
190 2.119966473332886e+00 -2.169528259403247e+00 3.033333268271846e+00
191 2.119966473289816e+00 -2.169528259409728e+00 3.033333268246380e+00
192 2.119966473314480e+00 -2.169528259414744e+00 3.033333268267205e+00
193 1.964625146338695e+00 1.973969317039476e+00 2.785014691207146e+00
194 1.964625146049440e+00 1.973969316934556e+00 2.785014690928732e+00
195 1.964625145511388e+00 1.973969316972279e+00 2.785014690575913e+00
196 1.964625145570627e+00 1.973969316969741e+00 2.785014690615903e+00
197 1.964625145657690e+00 1.973969317097471e+00 2.785014690767852e+00
198 1.964625145934539e+00 1.973969317139610e+00 2.785014690993016e+00
199 1.964625145822057e+00 1.973969317094157e+00 2.785014690881452e+00
200 6.135614092385275e+00 1.192379124507001e+00 6.250402248434645e+00
201 6.135614091855404e+00 1.192379124475518e+00 6.250402247908498e+00
202 6.135614091899780e+00 1.192379124556761e+00 6.250402247967558e+00
203 6.135614092146389e+00 1.192379124442194e+00 6.250402248187783e+00
204 6.135614092159456e+00 1.192379124522843e+00 6.250402248215995e+00
205 6.135614092090513e+00 1.192379124515850e+00 6.250402248146985e+00
206 6.135614092066105e+00 1.192379124526997e+00 6.250402248125152e+00
207 6.135614092109020e+00 1.192379124496371e+00 6.250402248161436e+00
208 1.964625145895692e+00 1.973969317022506e+00 2.785014690882612e+00
209 6.462507811154099e+00 4.484518359116991e-01 6.478048800245357e+00
210 6.462507811154005e+00 4.484518359116897e-01 6.478048800245263e+00
211 6.462507811154005e+00 4.484518359117187e-01 6.478048800245264e+00
212 6.462507811154116e+00 4.484518359116928e-01 6.478048800245374e+00
213 6.462507811154058e+00 -4.484518359117097e-01 6.478048800245318e+00
214 6.462507811154006e+00 -4.484518359116940e-01 6.478048800245264e+00
215 6.462507811154099e+00 -4.484518359117231e-01 6.478048800245359e+00
216 6.462507811154004e+00 -4.484518359117233e-01 6.478048800245265e+00
217 6.143587539268467e+00 8.125671555518053e-01 6.197090707334880e+00
218 6.143587539278029e+00 8.125671554355651e-01 6.197090707329119e+00
219 6.143587539700682e+00 8.125671557621020e-01 6.197090707790938e+00
220 6.143587539770412e+00 8.125671556283030e-01 6.197090707842523e+00
221 6.143587539722891e+00 8.125671556165830e-01 6.197090707793874e+00
222 6.143587539634217e+00 8.125671557259795e-01 6.197090707720311e+00
223 6.198876532980911e+00 1.165836783069241e+00 6.307554651043357e+00
224 6.198876533744617e+00 1.165836783094192e+00 6.307554651798515e+00
225 6.198876533624118e+00 1.165836782991963e+00 6.307554651661197e+00
226 6.198876533166731e+00 1.165836783215068e+00 6.307554651252929e+00
227 6.135614092385283e+00 -1.192379124507023e+00 6.250402248434657e+00
228 6.135614091899726e+00 -1.192379124556759e+00 6.250402247967504e+00
229 6.135614091855308e+00 -1.192379124475529e+00 6.250402247908407e+00
230 6.135614092066054e+00 -1.192379124526978e+00 6.250402248125097e+00
231 6.135614092146261e+00 -1.192379124442217e+00 6.250402248187662e+00
232 6.135614092108993e+00 -1.192379124496341e+00 6.250402248161403e+00
233 6.135614092159542e+00 -1.192379124522855e+00 6.250402248216082e+00
234 6.198876533744633e+00 -1.165836783094224e+00 6.307554651798536e+00
235 6.198876533166649e+00 -1.165836783215024e+00 6.307554651252839e+00
236 6.198876532980882e+00 -1.165836783069248e+00 6.307554651043328e+00
237 6.198876533624154e+00 -1.165836782991972e+00 6.307554651661234e+00
238 6.198876533381679e+00 -1.165836783086897e+00 6.307554651440482e+00
239 6.198876533376581e+00 -1.165836783098957e+00 6.307554651437702e+00
240 6.198876533377049e+00 1.165836783090319e+00 6.307554651436565e+00
241 6.198876533379949e+00 1.165836783094317e+00 6.307554651440154e+00
242 6.198876533381662e+00 1.165836783086937e+00 6.307554651440473e+00
243 6.198876533376590e+00 1.165836783098954e+00 6.307554651437711e+00
244 6.143587540233081e+00 -8.125671554739826e-01 6.197090708280962e+00
245 6.143587540069687e+00 -8.125671554916467e-01 6.197090708121294e+00
246 6.143587539278067e+00 -8.125671554355605e-01 6.197090707329155e+00
247 6.143587539268480e+00 -8.125671555518064e-01 6.197090707334893e+00
248 6.143587539700708e+00 -8.125671557620996e-01 6.197090707790965e+00
249 6.143587539634222e+00 -8.125671557259612e-01 6.197090707720313e+00
250 6.143587539770388e+00 -8.125671556282823e-01 6.197090707842495e+00
251 6.143587539722829e+00 -8.125671556165819e-01 6.197090707793813e+00
252 6.198876533378876e+00 1.165836783092609e+00 6.307554651438784e+00
253 1.407280371697022e+00 -1.525220714665879e+00 2.075267759352899e+00
254 1.964625145847499e+00 1.973969317033726e+00 2.785014690856568e+00
255 6.135614092090456e+00 -1.192379124515864e+00 6.250402248146932e+00
256 6.198876533378948e+00 1.165836783092625e+00 6.307554651438856e+00
257 6.198876533378864e+00 1.165836783092612e+00 6.307554651438773e+00
258 6.167933197906602e+00 7.019503415632515e-01 6.207747918195384e+00
259 6.167933197803607e+00 7.019503423010638e-01 6.207747918176479e+00
260 6.167933197558598e+00 7.019503422673619e-01 6.207747917929231e+00
261 6.167933197805422e+00 7.019503416470634e-01 6.207747918104331e+00
262 6.167933197547461e+00 7.019503416278989e-01 6.207747917845856e+00
263 6.167933197475254e+00 7.019503418441528e-01 6.207747917798566e+00
264 6.167933197909759e+00 7.019503420686346e-01 6.207747918255668e+00
265 6.167933197744110e+00 7.019503421354439e-01 6.207747918098636e+00
266 1.727586790728177e+00 9.302199305643987e-01 1.962107346379835e+00
267 1.727586790728187e+00 9.302199305644042e-01 1.962107346379846e+00
268 1.727586790728165e+00 9.302199305644208e-01 1.962107346379835e+00
269 1.964625145847521e+00 1.973969317033731e+00 2.785014690856586e+00
270 1.964625145847520e+00 1.973969317033721e+00 2.785014690856578e+00
271 6.198876533379837e+00 -1.165836783094279e+00 6.307554651440038e+00
272 1.727586790728148e+00 9.302199305644084e-01 1.962107346379814e+00
273 6.198876533377110e+00 -1.165836783090359e+00 6.307554651436631e+00
274 2.494357067379525e+00 2.048023699885855e+00 3.227416653436666e+00
275 2.494357067422356e+00 2.048023699885854e+00 3.227416653469768e+00
276 2.494357067290874e+00 2.048023699885831e+00 3.227416653368135e+00
277 2.494357067248069e+00 2.048023699885813e+00 3.227416653335041e+00
278 5.604235598604238e+00 1.693219611640241e+00 5.854438427202573e+00
279 5.604235598501928e+00 1.693219611640212e+00 5.854438427104627e+00
280 5.604235598564795e+00 1.693219611640200e+00 5.854438427164803e+00
281 5.604235598541334e+00 1.693219611640207e+00 5.854438427142347e+00
282 1.727586790728153e+00 -9.302199305643959e-01 1.962107346379812e+00
283 1.727586790728163e+00 -9.302199305644040e-01 1.962107346379825e+00
284 1.727586790728147e+00 -9.302199305644105e-01 1.962107346379814e+00
285 1.727586790728141e+00 -9.302199305643946e-01 1.962107346379801e+00
286 1.964625146338732e+00 -1.973969317039475e+00 2.785014691207171e+00
287 1.964625145511411e+00 -1.973969316972292e+00 2.785014690575939e+00
288 1.964625145570654e+00 -1.973969316969747e+00 2.785014690615926e+00
289 1.964625145657706e+00 -1.973969317097472e+00 2.785014690767864e+00
290 1.964625146049492e+00 -1.973969316934568e+00 2.785014690928777e+00
291 1.964625145934563e+00 -1.973969317139644e+00 2.785014690993057e+00
292 1.964625145895704e+00 -1.973969317022488e+00 2.785014690882607e+00
293 1.964625145822019e+00 -1.973969317094128e+00 2.785014690881405e+00
294 6.167933197558617e+00 -7.019503422673665e-01 6.207747917929250e+00
295 6.167933197547461e+00 -7.019503416279029e-01 6.207747917845857e+00
296 6.167933197475277e+00 -7.019503418441397e-01 6.207747917798588e+00
297 6.167933197906613e+00 -7.019503415632422e-01 6.207747918195395e+00
298 6.167933197805456e+00 -7.019503416470446e-01 6.207747918104362e+00
299 6.167933197803602e+00 -7.019503423010574e-01 6.207747918176474e+00
300 6.167933197744093e+00 -7.019503421354483e-01 6.207747918098619e+00
301 6.167933197909742e+00 -7.019503420686423e-01 6.207747918255651e+00
302 1.964625145847521e+00 1.973969317033735e+00 2.785014690856589e+00
303 6.198876533378861e+00 1.165836783092607e+00 6.307554651438768e+00
304 6.198876533378948e+00 -1.165836783092629e+00 6.307554651438858e+00
305 6.198876533378992e+00 -1.165836783092642e+00 6.307554651438903e+00
306 2.029984030399208e+00 1.405408323498942e+00 2.469009461188013e+00
307 2.029984030399208e+00 1.405408323498949e+00 2.469009461188016e+00
308 6.167933197718884e+00 7.019503419318683e-01 6.207747918050552e+00
309 6.167933197718860e+00 7.019503419318545e-01 6.207747918050527e+00
310 5.829877969529504e+00 1.326833281887752e+00 5.978960084958794e+00
311 5.829877968835601e+00 1.326833281993169e+00 5.978960084305587e+00
312 5.829877968848414e+00 1.326833281862879e+00 5.978960084289167e+00
313 5.829877969392840e+00 1.326833281970818e+00 5.978960084843973e+00
314 5.829877969203864e+00 1.326833282129231e+00 5.978960084694863e+00
315 5.829877969073509e+00 1.326833282101251e+00 5.978960084561549e+00
316 5.829877969156634e+00 1.326833281998084e+00 5.978960084619707e+00
317 5.829877969182182e+00 1.326833281989098e+00 5.978960084642624e+00
318 6.167933197718814e+00 7.019503419318482e-01 6.207747918050481e+00
319 6.167933197718900e+00 7.019503419318766e-01 6.207747918050569e+00
320 1.700423362911523e+00 1.048325559479262e+00 1.997605089048594e+00
321 1.700423362910854e+00 1.048325559546213e+00 1.997605089083159e+00
322 1.700423361790955e+00 1.048325559652378e+00 1.997605088185581e+00
323 1.700423361806756e+00 1.048325559641896e+00 1.997605088193531e+00
324 1.700423362016861e+00 1.048325559653188e+00 1.997605088378305e+00
325 1.700423362473849e+00 1.048325559718102e+00 1.997605088801374e+00
326 1.700423362434107e+00 1.048325559651012e+00 1.997605088732336e+00
327 2.029984030399239e+00 1.405408323498983e+00 2.469009461188061e+00
328 6.198876533378921e+00 -1.165836783092636e+00 6.307554651438832e+00
329 2.029984030399255e+00 1.405408323498981e+00 2.469009461188073e+00
330 6.198876533378898e+00 -1.165836783092634e+00 6.307554651438810e+00
331 5.604235598604236e+00 -1.693219611640199e+00 5.854438427202558e+00
332 5.604235598541242e+00 -1.693219611640175e+00 5.854438427142249e+00
333 5.604235598501904e+00 -1.693219611640185e+00 5.854438427104596e+00
334 5.604235598564776e+00 -1.693219611640172e+00 5.854438427164777e+00
335 6.167933197718853e+00 -7.019503419318659e-01 6.207747918050521e+00
336 6.167933197718880e+00 -7.019503419318630e-01 6.207747918050547e+00
337 6.167933197718762e+00 -7.019503419318467e-01 6.207747918050428e+00
338 2.494357067422335e+00 -2.048023699885851e+00 3.227416653469750e+00
339 2.494357067290865e+00 -2.048023699885837e+00 3.227416653368133e+00
340 2.494357067248038e+00 -2.048023699885787e+00 3.227416653335001e+00
341 2.494357067379467e+00 -2.048023699885824e+00 3.227416653436602e+00
342 1.964625145847485e+00 -1.973969317033693e+00 2.785014690856535e+00
343 1.964625145847523e+00 -1.973969317033726e+00 2.785014690856584e+00
344 1.964625145847553e+00 -1.973969317033749e+00 2.785014690856622e+00
345 1.964625145847538e+00 -1.973969317033743e+00 2.785014690856607e+00
346 6.167933197718815e+00 -7.019503419318723e-01 6.207747918050485e+00
347 1.700423362154450e+00 1.048325559681975e+00 1.997605088510532e+00
348 5.649422385418811e+00 1.714616002044778e+00 5.903886967357962e+00
349 5.649422385314268e+00 1.714616001985914e+00 5.903886967240829e+00
350 5.829877969529496e+00 -1.326833281887746e+00 5.978960084958786e+00
351 5.829877968848438e+00 -1.326833281862882e+00 5.978960084289191e+00
352 5.829877969392854e+00 -1.326833281970819e+00 5.978960084843986e+00
353 5.829877968835619e+00 -1.326833281993198e+00 5.978960084305610e+00
354 5.829877969073533e+00 -1.326833282101257e+00 5.978960084561573e+00
355 5.829877969203879e+00 -1.326833282129238e+00 5.978960084694878e+00
356 5.829877969182298e+00 -1.326833281989139e+00 5.978960084642745e+00
357 5.649422384693359e+00 1.714616002050522e+00 5.903886966665445e+00
358 5.829877969156638e+00 -1.326833281998073e+00 5.978960084619708e+00
359 5.649422384851207e+00 1.714616002133471e+00 5.903886966840580e+00
360 5.580789177116202e+00 1.731130910961343e+00 5.843117495849556e+00
361 5.580789176625667e+00 1.731130910959536e+00 5.843117495380508e+00
362 5.580789176966936e+00 1.731130910947293e+00 5.843117495702828e+00
363 5.580789176667708e+00 1.731130911006256e+00 5.843117495434503e+00
364 5.580789176865256e+00 1.731130910957857e+00 5.843117495608844e+00
365 5.580789176850346e+00 1.731130910973856e+00 5.843117495599342e+00
366 5.580789176838002e+00 1.731130910979689e+00 5.843117495589282e+00
367 5.580789176857573e+00 1.731130910963299e+00 5.843117495603117e+00
368 1.700423361790925e+00 -1.048325559652362e+00 1.997605088185548e+00
369 1.700423361806769e+00 -1.048325559641891e+00 1.997605088193539e+00
370 1.700423362016851e+00 -1.048325559653191e+00 1.997605088378298e+00
371 1.700423362911506e+00 -1.048325559479300e+00 1.997605089048599e+00
372 1.700423362154446e+00 -1.048325559681966e+00 1.997605088510524e+00
373 1.700423362473860e+00 -1.048325559718093e+00 1.997605088801378e+00
374 1.700423362910849e+00 -1.048325559546235e+00 1.997605089083167e+00
375 5.700200854296674e+00 9.302199305643923e-01 5.775603769178055e+00
376 5.700200854296696e+00 -9.302199305644012e-01 5.775603769178079e+00
377 5.700200854296768e+00 9.302199305644132e-01 5.775603769178152e+00
378 5.700200854296710e+00 -9.302199305644052e-01 5.775603769178093e+00
379 2.029984030399250e+00 -1.405408323498979e+00 2.469009461188068e+00
380 2.029984030399190e+00 -1.405408323498973e+00 2.469009461188015e+00
381 2.029984030399226e+00 -1.405408323498970e+00 2.469009461188044e+00
382 2.029984030399235e+00 -1.405408323499000e+00 2.469009461188068e+00
383 1.700423362434125e+00 -1.048325559651017e+00 1.997605088732353e+00
384 1.997453010083651e+00 1.485690062446997e+00 2.489396209755691e+00
385 1.997453010140437e+00 1.485690062554443e+00 2.489396209865380e+00
386 1.997453009809454e+00 1.485690062688347e+00 2.489396209679719e+00
387 1.997453009267021e+00 1.485690062586197e+00 2.489396209183515e+00
388 1.997453009250912e+00 1.485690062581913e+00 2.489396209168033e+00
389 1.997453009367985e+00 1.485690062600087e+00 2.489396209272817e+00
390 1.700423362312453e+00 1.048325559628007e+00 1.997605088616707e+00
391 1.700423362312427e+00 1.048325559628006e+00 1.997605088616684e+00
392 1.700423362312434e+00 1.048325559628003e+00 1.997605088616689e+00
393 5.580789177116140e+00 -1.731130910961334e+00 5.843117495849494e+00
394 5.580789176667703e+00 -1.731130911006237e+00 5.843117495434494e+00
395 5.580789176967015e+00 -1.731130910947301e+00 5.843117495702906e+00
396 5.580789176625638e+00 -1.731130910959497e+00 5.843117495380469e+00
397 5.580789176837930e+00 -1.731130910979676e+00 5.843117495589209e+00
398 5.580789176857491e+00 -1.731130910963258e+00 5.843117495603027e+00
399 5.580789176865242e+00 -1.731130910957848e+00 5.843117495608828e+00
400 5.580789176850401e+00 -1.731130910973893e+00 5.843117495599406e+00
401 2.694207104809123e+00 2.237553216820638e+00 3.502198783865408e+00
402 2.694207104525782e+00 2.237553216719335e+00 3.502198783582714e+00
403 2.694207104019760e+00 2.237553216757001e+00 3.502198783217501e+00
404 2.694207104072665e+00 2.237553216759095e+00 3.502198783259538e+00
405 2.694207104423810e+00 2.237553216925216e+00 3.502198783635805e+00
406 2.694207104331831e+00 2.237553216852909e+00 3.502198783518849e+00
407 2.694207104173177e+00 2.237553216863650e+00 3.502198783403661e+00
408 2.694207104379361e+00 2.237553216801775e+00 3.502198783522744e+00
409 1.700423362312406e+00 1.048325559628004e+00 1.997605088616665e+00
410 5.700200854296726e+00 9.302199305644230e-01 5.775603769178111e+00
411 5.700200854296725e+00 9.302199305644336e-01 5.775603769178112e+00
412 1.997453009713033e+00 1.485690062572687e+00 2.489396209533325e+00
413 1.997453009613862e+00 1.485690062608173e+00 2.489396209474930e+00
414 2.588741271239267e+00 1.882752368236037e+00 3.200990135804218e+00
415 2.588741271239269e+00 1.882752368236050e+00 3.200990135804226e+00
416 5.649422385068075e+00 1.714616002052594e+00 5.903886967024612e+00
417 5.649422385070459e+00 1.714616002054504e+00 5.903886967027448e+00
418 5.649422385068561e+00 1.714616002056353e+00 5.903886967026169e+00
419 5.649422385070118e+00 1.714616002051189e+00 5.903886967026159e+00
420 5.649422385069367e+00 1.714616002053668e+00 5.903886967026160e+00
421 5.835255513727661e+00 1.261710614531712e+00 5.970102225700249e+00
422 5.835255513926804e+00 1.261710614532005e+00 5.970102225894955e+00
423 5.835255513988680e+00 1.261710614072840e+00 5.970102225858395e+00
424 5.835255513772959e+00 1.261710614121134e+00 5.970102225657754e+00
425 5.835255513749055e+00 1.261710614349627e+00 5.970102225682677e+00
426 5.835255513888416e+00 1.261710614182685e+00 5.970102225783610e+00
427 5.835255513941356e+00 1.261710614322199e+00 5.970102225864839e+00
428 2.588741271239278e+00 1.882752368236046e+00 3.200990135804231e+00
429 2.588741271239261e+00 1.882752368236030e+00 3.200990135804208e+00
430 5.835255513867058e+00 1.261710614347275e+00 5.970102225797518e+00
431 1.700423362312393e+00 -1.048325559627997e+00 1.997605088616651e+00
432 1.700423362312408e+00 -1.048325559627998e+00 1.997605088616664e+00
433 1.700423362312433e+00 -1.048325559628015e+00 1.997605088616694e+00
434 1.700423362312403e+00 -1.048325559627998e+00 1.997605088616660e+00
435 5.649422384693342e+00 -1.714616002050502e+00 5.903886966665423e+00
436 5.649422384851190e+00 -1.714616002133442e+00 5.903886966840555e+00
437 5.649422385418803e+00 -1.714616002044763e+00 5.903886967357950e+00
438 5.649422385314298e+00 -1.714616001985906e+00 5.903886967240856e+00
439 2.910168541675485e+00 2.169528259404962e+00 3.629866913443845e+00
440 2.910168541145957e+00 2.169528259397911e+00 3.629866913015092e+00
441 2.910168541521192e+00 2.169528259393208e+00 3.629866913313119e+00
442 2.910168541232072e+00 2.169528259392373e+00 3.629866913080823e+00
443 2.910168541429714e+00 2.169528259420594e+00 3.629866913256146e+00
444 2.910168541360004e+00 2.169528259409739e+00 3.629866913193770e+00
445 2.910168541384632e+00 2.169528259414751e+00 3.629866913216511e+00
446 2.910168541403030e+00 2.169528259403276e+00 3.629866913224402e+00
447 5.649422385068083e+00 -1.714616002052620e+00 5.903886967024627e+00
448 5.649422385070173e+00 -1.714616002051215e+00 5.903886967026219e+00
449 5.649422385068594e+00 -1.714616002056335e+00 5.903886967026196e+00
450 5.649422385069387e+00 -1.714616002053676e+00 5.903886967026184e+00
451 5.649422385070507e+00 -1.714616002054494e+00 5.903886967027492e+00
452 5.700200854296709e+00 -9.302199305643961e-01 5.775603769178090e+00
453 5.700200854296727e+00 -9.302199305643974e-01 5.775603769178108e+00
454 2.694207104341948e+00 2.237553216812460e+00 3.502198783500790e+00
455 2.694207104341944e+00 2.237553216812445e+00 3.502198783500777e+00
456 2.694207104341913e+00 2.237553216812434e+00 3.502198783500746e+00
457 5.835255513727676e+00 -1.261710614531713e+00 5.970102225700264e+00
458 5.835255513772951e+00 -1.261710614121149e+00 5.970102225657748e+00
459 5.835255513988706e+00 -1.261710614072821e+00 5.970102225858415e+00
460 5.835255513926850e+00 -1.261710614532054e+00 5.970102225895011e+00
461 5.835255513888435e+00 -1.261710614182662e+00 5.970102225783623e+00
462 5.835255513749011e+00 -1.261710614349581e+00 5.970102225682624e+00
463 5.835255513941362e+00 -1.261710614322223e+00 5.970102225864850e+00
464 5.835255513867117e+00 -1.261710614347310e+00 5.970102225797583e+00
465 5.835255513857713e+00 1.261710614307397e+00 5.970102225779957e+00
466 5.835255513857811e+00 1.261710614307440e+00 5.970102225780061e+00
467 5.835255513857812e+00 1.261710614307442e+00 5.970102225780063e+00
468 5.835255513857726e+00 1.261710614307420e+00 5.970102225779973e+00
469 5.267470212516229e+00 1.824157127476858e+00 5.574387111196207e+00
470 5.267470211943951e+00 1.824157127562559e+00 5.574387110683482e+00
471 5.267470211967733e+00 1.824157127459651e+00 5.574387110672280e+00
472 5.267470212436136e+00 1.824157127553172e+00 5.574387111145495e+00
473 5.267470212280736e+00 1.824157127669893e+00 5.574387111036848e+00
474 5.267470212136694e+00 1.824157127654337e+00 5.574387110895647e+00
475 5.267470212229446e+00 1.824157127558633e+00 5.574387110951974e+00
476 5.267470212218514e+00 1.824157127565169e+00 5.574387110943782e+00
477 5.649422385069363e+00 1.714616002053654e+00 5.903886967026152e+00
478 1.997453009655789e+00 1.485690062579868e+00 2.489396209491679e+00
479 1.997453009655757e+00 1.485690062579863e+00 2.489396209491651e+00
480 2.694207104341938e+00 2.237553216812437e+00 3.502198783500767e+00
481 1.997453009655791e+00 1.485690062579855e+00 2.489396209491673e+00
482 5.649422385069331e+00 1.714616002053655e+00 5.903886967026122e+00
483 5.649422385069411e+00 1.714616002053671e+00 5.903886967026205e+00
484 5.397803614625702e+00 1.405408323498970e+00 5.577764464176170e+00
485 5.649422385069378e+00 -1.714616002053668e+00 5.903886967026170e+00
486 5.835255513857707e+00 -1.261710614307417e+00 5.970102225779955e+00
487 5.397803614625627e+00 1.405408323498978e+00 5.577764464176099e+00
488 5.397803614625627e+00 1.405408323498966e+00 5.577764464176097e+00
489 5.397803614625615e+00 1.405408323498957e+00 5.577764464176083e+00
490 5.835255513857782e+00 -1.261710614307423e+00 5.970102225780029e+00
491 5.835255513857745e+00 -1.261710614307418e+00 5.970102225779991e+00
492 1.997453010140430e+00 -1.485690062554440e+00 2.489396209865372e+00
493 1.997453010083651e+00 -1.485690062446996e+00 2.489396209755690e+00
494 1.997453009267045e+00 -1.485690062586211e+00 2.489396209183543e+00
495 1.997453009250930e+00 -1.485690062581921e+00 2.489396209168053e+00
496 1.997453009367965e+00 -1.485690062600077e+00 2.489396209272795e+00
497 1.997453009809427e+00 -1.485690062688324e+00 2.489396209679684e+00
498 2.694207104809110e+00 -2.237553216820611e+00 3.502198783865381e+00
499 2.694207104019763e+00 -2.237553216757005e+00 3.502198783217505e+00
500 2.694207104072682e+00 -2.237553216759081e+00 3.502198783259542e+00
501 2.694207104173158e+00 -2.237553216863697e+00 3.502198783403677e+00
502 2.694207104525784e+00 -2.237553216719325e+00 3.502198783582709e+00
503 1.997453009713012e+00 -1.485690062572701e+00 2.489396209533317e+00
504 2.694207104331829e+00 -2.237553216852925e+00 3.502198783518858e+00
505 2.694207104423826e+00 -2.237553216925214e+00 3.502198783635816e+00
506 2.694207104379389e+00 -2.237553216801762e+00 3.502198783522758e+00
507 5.673037426480032e+00 1.048325559479279e+00 5.769084859915022e+00
508 5.673037426479395e+00 1.048325559546250e+00 5.769084859926565e+00
509 5.673037426042404e+00 1.048325559718084e+00 5.769084859528073e+00
510 5.673037425585308e+00 1.048325559653152e+00 5.769084859066790e+00
511 5.673037426002670e+00 1.048325559651013e+00 5.769084859476814e+00
512 5.673037425723032e+00 1.048325559682002e+00 5.769084859207462e+00
513 5.673037425375381e+00 1.048325559641878e+00 5.769084858858308e+00
514 5.673037425359621e+00 1.048325559652383e+00 5.769084858844720e+00
515 1.997453009655806e+00 1.485690062579867e+00 2.489396209491693e+00
516 5.649422385069329e+00 -1.714616002053668e+00 5.903886967026125e+00
517 5.835255513857745e+00 -1.261710614307425e+00 5.970102225779994e+00
518 5.649422385069408e+00 -1.714616002053653e+00 5.903886967026196e+00
519 2.553900502923986e+00 1.943226223510864e+00 3.209133206112779e+00
520 2.553900502830247e+00 1.943226223410214e+00 3.209133205977233e+00
521 2.553900502132308e+00 1.943226223519277e+00 3.209133205487838e+00
522 2.553900502163051e+00 1.943226223513175e+00 3.209133205508609e+00
523 2.553900502246212e+00 1.943226223543828e+00 3.209133205593352e+00
524 2.553900502646199e+00 1.943226223622780e+00 3.209133205959478e+00
525 1.997453009613840e+00 -1.485690062608181e+00 2.489396209474917e+00
526 5.397803614625665e+00 -1.405408323498970e+00 5.577764464176133e+00
527 2.910168541675496e+00 -2.169528259404984e+00 3.629866913443866e+00
528 2.910168541145957e+00 -2.169528259397928e+00 3.629866913015103e+00
529 2.910168541521204e+00 -2.169528259393268e+00 3.629866913313164e+00
530 2.910168541232071e+00 -2.169528259392383e+00 3.629866913080829e+00
531 2.910168541359969e+00 -2.169528259409733e+00 3.629866913193739e+00
532 2.910168541403005e+00 -2.169528259403288e+00 3.629866913224389e+00
533 2.910168541384619e+00 -2.169528259414727e+00 3.629866913216486e+00
534 5.397803614625614e+00 -1.405408323498976e+00 5.577764464176086e+00
535 5.397803614625605e+00 -1.405408323498972e+00 5.577764464176077e+00
536 5.397803614625617e+00 -1.405408323498965e+00 5.577764464176086e+00
537 2.910168541429724e+00 -2.169528259420572e+00 3.629866913256141e+00
538 2.170973476664468e+00 8.125671554739968e-01 2.318057639174598e+00
539 2.170973476501011e+00 8.125671554916253e-01 2.318057639027692e+00
540 2.170973475699912e+00 8.125671555518068e-01 2.318057638298519e+00
541 2.170973475709487e+00 8.125671554355647e-01 2.318057638266740e+00
542 2.170973476201856e+00 8.125671556282954e-01 2.318057638795427e+00
543 2.170973476154330e+00 8.125671556165714e-01 2.318057638746807e+00
544 2.170973476132107e+00 8.125671557621065e-01 2.318057638777010e+00
545 2.170973476065623e+00 8.125671557259845e-01 2.318057638702082e+00
546 3.318792788477457e+00 2.157456816865519e+00 3.958409464606898e+00
547 4.874184082734737e+00 1.994205629612011e+00 5.266357998233780e+00
548 4.874184082640575e+00 1.994205629611988e+00 5.266357998146622e+00
549 4.874184082698021e+00 1.994205629611978e+00 5.266357998199785e+00
550 4.874184082677183e+00 1.994205629611952e+00 5.266357998180490e+00
551 2.694207104341924e+00 -2.237553216812432e+00 3.502198783500754e+00
552 2.694207104341958e+00 -2.237553216812441e+00 3.502198783500785e+00
553 5.673037425880996e+00 1.048325559628026e+00 5.769084859352989e+00
554 2.588741271239284e+00 -1.882752368236039e+00 3.200990135804233e+00
555 2.588741271239259e+00 -1.882752368236044e+00 3.200990135804215e+00
556 5.267470211967713e+00 -1.824157127459662e+00 5.574387110672264e+00
557 5.267470211943973e+00 -1.824157127562568e+00 5.574387110683506e+00
558 5.267470212516228e+00 -1.824157127476862e+00 5.574387111196208e+00
559 5.267470212436102e+00 -1.824157127553178e+00 5.574387111145466e+00
560 5.267470212136656e+00 -1.824157127654308e+00 5.574387110895601e+00
561 5.267470212280824e+00 -1.824157127669920e+00 5.574387111036940e+00
562 2.588741271239277e+00 -1.882752368236025e+00 3.200990135804219e+00
563 2.588741271239296e+00 -1.882752368236047e+00 3.200990135804247e+00
564 5.267470212229541e+00 -1.824157127558664e+00 5.574387110952073e+00
565 5.673037425880986e+00 1.048325559628001e+00 5.769084859352975e+00
566 5.673037425881000e+00 1.048325559628007e+00 5.769084859352988e+00
567 5.673037425881000e+00 1.048325559628003e+00 5.769084859352988e+00
568 5.673037425375356e+00 -1.048325559641897e+00 5.769084858858288e+00
569 5.673037425359503e+00 -1.048325559652355e+00 5.769084858844598e+00
570 5.673037425585459e+00 -1.048325559653211e+00 5.769084859066949e+00
571 5.673037426480152e+00 -1.048325559479290e+00 5.769084859915141e+00
572 5.673037426479412e+00 -1.048325559546224e+00 5.769084859926576e+00
573 5.673037426042323e+00 -1.048325559718083e+00 5.769084859527994e+00
574 5.270917395287825e+00 1.778331658657776e+00 5.562826051220036e+00
575 5.270917395100250e+00 1.778331658691867e+00 5.562826051053204e+00
576 5.270917395069086e+00 1.778331658998300e+00 5.562826051121635e+00
577 5.270917395075872e+00 1.778331658877706e+00 5.562826051089513e+00
578 5.270917395247725e+00 1.778331658990044e+00 5.562826051288262e+00
579 5.270917395246819e+00 1.778331658810001e+00 5.562826051229846e+00
580 5.270917395213110e+00 1.778331658780104e+00 5.562826051188349e+00
581 5.673037426002719e+00 -1.048325559651022e+00 5.769084859476863e+00
582 3.318792788477360e+00 2.157456816865486e+00 3.958409464606799e+00
583 3.318792788477372e+00 2.157456816865487e+00 3.958409464606810e+00
584 2.553900502524135e+00 1.943226223510008e+00 3.209133205794050e+00
585 2.553900502481459e+00 1.943226223531660e+00 3.209133205773198e+00
586 5.267470212218528e+00 -1.824157127565197e+00 5.574387110943805e+00
587 1.997453009655783e+00 -1.485690062579857e+00 2.489396209491668e+00
588 2.553900502493458e+00 1.943226223520209e+00 3.209133205775814e+00
589 2.553900502493446e+00 1.943226223520217e+00 3.209133205775810e+00
590 1.997453009655789e+00 -1.485690062579847e+00 2.489396209491666e+00
591 1.997453009655779e+00 -1.485690062579848e+00 2.489396209491659e+00
592 1.997453009655822e+00 -1.485690062579869e+00 2.489396209491706e+00
593 5.673037425723048e+00 -1.048325559681954e+00 5.769084859207470e+00
594 5.270917395192731e+00 1.778331658841776e+00 5.562826051188754e+00
595 5.365272594310048e+00 1.485690062446993e+00 5.567173876654853e+00
596 5.365272594366835e+00 1.485690062554446e+00 5.567173876738255e+00
597 5.365272593477336e+00 1.485690062581923e+00 5.567173875888347e+00
598 5.365272593493430e+00 1.485690062586211e+00 5.567173875905003e+00
599 5.365272593594398e+00 1.485690062600055e+00 5.567173876006003e+00
600 5.365272594035883e+00 1.485690062688348e+00 5.567173876455040e+00
601 2.170973476664479e+00 -8.125671554739962e-01 2.318057639174607e+00
602 2.170973475699909e+00 -8.125671555518013e-01 2.318057638298515e+00
603 2.170973475709454e+00 -8.125671554355549e-01 2.318057638266706e+00
604 2.170973476501018e+00 -8.125671554916042e-01 2.318057639027691e+00
605 2.170973476065620e+00 -8.125671557259730e-01 2.318057638702075e+00
606 2.170973476132099e+00 -8.125671557621000e-01 2.318057638776999e+00
607 2.170973476201849e+00 -8.125671556282924e-01 2.318057638795419e+00
608 5.365272593939485e+00 1.485690062572699e+00 5.567173876331275e+00
609 5.365272593840308e+00 1.485690062608169e+00 5.567173876245160e+00
610 2.170973476154325e+00 -8.125671556165739e-01 2.318057638746803e+00
611 2.694207104341958e+00 -2.237553216812469e+00 3.502198783500803e+00
612 2.694207104341950e+00 -2.237553216812447e+00 3.502198783500783e+00
613 3.318792788477392e+00 2.157456816865472e+00 3.958409464606818e+00
614 2.553900502493462e+00 1.943226223520239e+00 3.209133205775835e+00
615 4.839046373785635e+00 1.882752368236051e+00 5.192410450623714e+00
616 4.874184082640569e+00 -1.994205629611987e+00 5.266357998146616e+00
617 4.874184082677317e+00 -1.994205629611998e+00 5.266357998180632e+00
618 4.874184082734728e+00 -1.994205629612003e+00 5.266357998233769e+00
619 4.874184082698052e+00 -1.994205629611990e+00 5.266357998199820e+00
620 4.839046373785650e+00 1.882752368236040e+00 5.192410450623724e+00
621 2.492776004726865e+00 4.330649674959817e-01 2.530114123081077e+00
622 2.492776004945708e+00 4.330649674959028e-01 2.530114123296677e+00
623 2.492776004986323e+00 4.330649674959584e-01 2.530114123336702e+00
624 2.492776004767498e+00 4.330649674959702e-01 2.530114123121108e+00
625 4.839046373785655e+00 1.882752368236051e+00 5.192410450623732e+00
626 4.851879812998783e+00 2.026877963397442e+00 5.258228979256350e+00
627 4.851879812523824e+00 2.026877963402473e+00 5.258228978820034e+00
628 4.851879812872148e+00 2.026877963386479e+00 5.258228979135274e+00
629 4.851879812563214e+00 2.026877963438441e+00 5.258228978870244e+00
630 2.462058385303060e+00 1.326833281887737e+00 2.796822849335669e+00
631 2.462058385166464e+00 1.326833281970838e+00 2.796822849254847e+00
632 2.462058384622029e+00 1.326833281862885e+00 2.796822848724364e+00
633 2.462058384609172e+00 1.326833281993179e+00 2.796822848774859e+00
634 2.462058384977497e+00 1.326833282129244e+00 2.796822849163648e+00
635 2.462058384847165e+00 1.326833282101268e+00 2.796822849035643e+00
636 2.462058384930253e+00 1.326833281998076e+00 2.796822849059831e+00
637 2.462058384955822e+00 1.326833281989104e+00 2.796822849078084e+00
638 4.851879812743890e+00 2.026877963410372e+00 5.258228979026139e+00
639 4.851879812752369e+00 2.026877963399056e+00 5.258228979029600e+00
640 4.851879812734361e+00 2.026877963414727e+00 5.258228979019024e+00
641 4.851879812748746e+00 2.026877963402295e+00 5.258228979027504e+00
642 4.536373883235493e+00 2.106359117036387e+00 5.001543435622985e+00
643 4.536373882703772e+00 2.106359117111917e+00 5.001543435172525e+00
644 4.536373882732531e+00 2.106359117021550e+00 5.001543435160553e+00
645 4.536373883175660e+00 2.106359117105717e+00 5.001543435597915e+00
646 4.536373883028741e+00 2.106359117208686e+00 5.001543435508024e+00
647 4.536373882882804e+00 2.106359117197507e+00 5.001543435370953e+00
648 4.536373882963622e+00 2.106359117115141e+00 5.001543435409566e+00
649 4.536373882971106e+00 2.106359117110020e+00 5.001543435414198e+00
650 2.553900502493486e+00 1.943226223520250e+00 3.209133205775861e+00
651 4.108994856547518e+00 2.157456816865485e+00 4.640954497490070e+00
652 4.108994856547504e+00 2.157456816865479e+00 4.640954497490055e+00
653 4.085563076901159e+00 6.364670065181820e-01 4.134841702619857e+00
654 4.085563076873381e+00 6.364670065181435e-01 4.134841702592404e+00
655 4.085563077291001e+00 6.364670065182164e-01 4.134841703005058e+00
656 4.085563077318782e+00 6.364670065182072e-01 4.134841703032507e+00
657 2.795173251448036e+00 1.139038506616931e+00 3.018344285393353e+00
658 2.795173251319371e+00 1.139038506616908e+00 3.018344285274194e+00
659 4.839046373785611e+00 1.882752368236011e+00 5.192410450623678e+00
660 5.270917395179150e+00 1.778331658830938e+00 5.562826051172420e+00
661 5.270917395179177e+00 1.778331658830947e+00 5.562826051172450e+00
662 5.270917395179207e+00 1.778331658830948e+00 5.562826051172478e+00
663 5.365272593882241e+00 1.485690062579856e+00 5.567173876278019e+00
664 5.365272593882219e+00 1.485690062579875e+00 5.567173876278001e+00
665 5.365272593882204e+00 1.485690062579865e+00 5.567173876277984e+00
666 3.318792788477360e+00 -2.157456816865465e+00 3.958409464606787e+00
667 3.318792788477460e+00 -2.157456816865511e+00 3.958409464606897e+00
668 3.318792788477346e+00 -2.157456816865496e+00 3.958409464606793e+00
669 5.673037425880905e+00 -1.048325559627991e+00 5.769084859352892e+00
670 5.673037425881032e+00 -1.048325559628007e+00 5.769084859353020e+00
671 5.673037425881044e+00 -1.048325559628000e+00 5.769084859353031e+00
672 5.673037425881060e+00 -1.048325559628021e+00 5.769084859353051e+00
673 4.085563077318797e+00 -6.364670065182104e-01 4.134841703032523e+00
674 4.085563077291004e+00 -6.364670065182099e-01 4.134841703005061e+00
675 4.085563076873372e+00 -6.364670065181443e-01 4.134841702592396e+00
676 3.283199460110915e+00 2.210372544895842e+00 3.957921864072347e+00
677 3.283199460004876e+00 2.210372544802047e+00 3.957921863932004e+00
678 3.283199459852741e+00 2.210372544997198e+00 3.957921863914790e+00
679 3.283199459354122e+00 2.210372544899525e+00 3.957921863446624e+00
680 3.283199459385507e+00 2.210372544892946e+00 3.957921863468985e+00
681 3.283199459476687e+00 2.210372544922213e+00 3.957921863560966e+00
682 3.283199459722622e+00 2.210372544891031e+00 3.957921863747562e+00
683 3.283199459695398e+00 2.210372544907665e+00 3.957921863734268e+00
684 5.270917395179168e+00 1.778331658830949e+00 5.562826051172442e+00
685 3.318792788477376e+00 -2.157456816865476e+00 3.958409464606808e+00
686 4.085563076901170e+00 -6.364670065181803e-01 4.134841702619869e+00
687 4.108994856547515e+00 2.157456816865492e+00 4.640954497490069e+00
688 4.108994856547527e+00 2.157456816865475e+00 4.640954497490074e+00
689 2.492776004767470e+00 -4.330649674959736e-01 2.530114123121081e+00
690 2.492776004726870e+00 -4.330649674959867e-01 2.530114123081083e+00
691 2.492776004945726e+00 -4.330649674959157e-01 2.530114123296697e+00
692 2.492776004986333e+00 -4.330649674959591e-01 2.530114123336712e+00
693 3.783165830656958e+00 1.230834555339012e+00 3.978353604805251e+00
694 3.783165830697761e+00 1.230834555339019e+00 3.978353604844054e+00
695 3.783165830440283e+00 1.230834555338957e+00 3.978353604599190e+00
696 3.783165830480998e+00 1.230834555338992e+00 3.978353604637918e+00
697 2.795173251405561e+00 1.139038506616867e+00 3.018344285353995e+00
698 2.795173251361783e+00 1.139038506616905e+00 3.018344285313468e+00
699 3.224408586001037e+00 1.756285180604760e+00 3.671695570862201e+00
700 3.224408586043594e+00 1.756285180604771e+00 3.671695570899579e+00
701 3.224408585848388e+00 1.756285180604718e+00 3.671695570728127e+00
702 3.224408585890875e+00 1.756285180604763e+00 3.671695570765460e+00
703 5.270917395069056e+00 -1.778331658998315e+00 5.562826051121611e+00
704 5.270917395100226e+00 -1.778331658691847e+00 5.562826051053174e+00
705 5.270917395287823e+00 -1.778331658657771e+00 5.562826051220033e+00
706 5.270917395247745e+00 -1.778331658990047e+00 5.562826051288280e+00
707 5.270917395075863e+00 -1.778331658877731e+00 5.562826051089512e+00
708 5.270917395246869e+00 -1.778331658809997e+00 5.562826051229893e+00
709 5.270917395213078e+00 -1.778331658780118e+00 5.562826051188322e+00
710 5.270917395192739e+00 -1.778331658841771e+00 5.562826051188760e+00
711 2.453516292857100e+00 5.424393732180172e-01 2.512763950897976e+00
712 2.453516293441219e+00 5.424393733646051e-01 2.512763951499966e+00
713 2.453516293240122e+00 5.424393731473539e-01 2.512763951256711e+00
714 2.453516293198443e+00 5.424393734965967e-01 2.512763951291408e+00
715 2.453516292908898e+00 5.424393733604090e-01 2.512763950979291e+00
716 2.453516293219564e+00 5.424393733399321e-01 2.512763951278211e+00
717 2.453516293112905e+00 5.424393733988530e-01 2.512763951186786e+00
718 2.453516292999001e+00 5.424393734402903e-01 2.512763951084513e+00
719 2.553900502163168e+00 -1.943226223513178e+00 3.209133205508705e+00
720 2.553900502132332e+00 -1.943226223519289e+00 3.209133205487864e+00
721 2.553900502246140e+00 -1.943226223543840e+00 3.209133205593302e+00
722 2.553900502830266e+00 -1.943226223410214e+00 3.209133205977248e+00
723 2.553900502646201e+00 -1.943226223622792e+00 3.209133205959487e+00
724 2.553900502923985e+00 -1.943226223510852e+00 3.209133206112770e+00
725 2.553900502524163e+00 -1.943226223510014e+00 3.209133205794076e+00
726 5.365272593882244e+00 1.485690062579845e+00 5.567173876278018e+00
727 3.283199459700332e+00 2.210372544901067e+00 3.957921863734676e+00
728 3.283199459700376e+00 2.210372544901086e+00 3.957921863734724e+00
729 4.083982014664591e+00 1.994205629612015e+00 4.544861404848349e+00
730 4.083982014570445e+00 1.994205629611991e+00 4.544861404763740e+00
731 3.283199459700381e+00 2.210372544901086e+00 3.957921863734727e+00
732 4.851879812998783e+00 -2.026877963397441e+00 5.258228979256350e+00
733 4.851879812563228e+00 -2.026877963438436e+00 5.258228978870254e+00
734 4.851879812523872e+00 -2.026877963402481e+00 5.258228978820081e+00
735 4.851879812872206e+00 -2.026877963386486e+00 5.258228979135331e+00
736 4.851879812734358e+00 -2.026877963414722e+00 5.258228979019020e+00
737 4.851879812748739e+00 -2.026877963402315e+00 5.258228979027507e+00
738 4.851879812743897e+00 -2.026877963410363e+00 5.258228979026141e+00
739 4.851879812752417e+00 -2.026877963399070e+00 5.258228979029649e+00
740 4.502322334403446e+00 9.571627600791852e-01 4.602941119778798e+00
741 4.502322334329095e+00 9.571627600794007e-01 4.602941119706118e+00
742 4.502322333518290e+00 9.571627600800083e-01 4.602941118913163e+00
743 4.502322333567654e+00 9.571627600843272e-01 4.602941118962345e+00
744 3.746171815165359e+00 2.106359117036400e+00 4.297738009541959e+00
745 3.746171814633701e+00 2.106359117111957e+00 4.297738009115565e+00
746 3.746171814662379e+00 2.106359117021525e+00 4.297738009096242e+00
747 3.746171815105479e+00 2.106359117105686e+00 4.297738009523722e+00
748 3.746171814958625e+00 2.106359117208700e+00 4.297738009446204e+00
749 3.746171814812632e+00 2.106359117197500e+00 4.297738009313457e+00
750 3.746171814893437e+00 2.106359117115122e+00 4.297738009343518e+00
751 4.502322333982319e+00 9.571627600865076e-01 4.602941119368399e+00
752 4.502322333991001e+00 9.571627600885074e-01 4.602941119377308e+00
753 3.746171814900940e+00 2.106359117110033e+00 4.297738009347563e+00
754 3.484409172879273e+00 2.237553216820637e+00 4.140984385644264e+00
755 3.484409172595958e+00 2.237553216719343e+00 4.140984385351136e+00
756 3.484409172089903e+00 2.237553216756995e+00 4.140984384945664e+00
757 3.484409172142809e+00 2.237553216759095e+00 4.140984384991316e+00
758 3.484409172493971e+00 2.237553216925197e+00 4.140984385376552e+00
759 3.484409172243366e+00 2.237553216863690e+00 4.140984385132446e+00
760 2.553900502481450e+00 -1.943226223531648e+00 3.209133205773184e+00
761 4.083982014627940e+00 1.994205629612011e+00 4.544861404815412e+00
762 4.921904118122493e+00 2.013168989419107e+00 5.317705287805061e+00
763 4.921904118830063e+00 2.013168989405067e+00 5.317705288454651e+00
764 4.921904118735036e+00 2.013168989359730e+00 5.317705288349533e+00
765 4.921904118265023e+00 2.013168989482781e+00 5.317705287961088e+00
766 4.502322333886432e+00 9.571627600953947e-01 4.602941119276457e+00
767 3.484409172401901e+00 2.237553216852883e+00 4.140984385260005e+00
768 3.484409172449530e+00 2.237553216801766e+00 4.140984385272461e+00
769 3.017165109969893e+00 1.824157127476861e+00 3.525738862500209e+00
770 3.017165109397636e+00 1.824157127562577e+00 3.525738862054845e+00
771 3.017165109421357e+00 1.824157127459650e+00 3.525738862021893e+00
772 3.017165109889766e+00 1.824157127553176e+00 3.525738862471124e+00
773 3.017165109734414e+00 1.824157127669910e+00 3.525738862398578e+00
774 3.017165109590321e+00 1.824157127654324e+00 3.525738862267205e+00
775 2.462058384622036e+00 -1.326833281862886e+00 2.796822848724371e+00
776 2.462058384609156e+00 -1.326833281993164e+00 2.796822848774838e+00
777 2.462058385303056e+00 -1.326833281887737e+00 2.796822849335666e+00
778 2.462058385166455e+00 -1.326833281970834e+00 2.796822849254837e+00
779 2.462058384847149e+00 -1.326833282101244e+00 2.796822849035618e+00
780 2.462058384977511e+00 -1.326833282129251e+00 2.796822849163663e+00
781 4.839046373785563e+00 -1.882752368236011e+00 5.192410450623632e+00
782 4.839046373785634e+00 -1.882752368236060e+00 5.192410450623717e+00
783 4.839046373785606e+00 -1.882752368236043e+00 5.192410450623684e+00
784 4.839046373785589e+00 -1.882752368236009e+00 5.192410450623656e+00
785 5.080615121549434e+00 1.102265116847760e+00 5.198811248846815e+00
786 5.080615121383667e+00 1.102265116785903e+00 5.198811248671701e+00
787 5.080615120564951e+00 1.102265116798980e+00 5.198811247874372e+00
788 5.080615120605360e+00 1.102265116772877e+00 5.198811247908327e+00
789 5.080615120667871e+00 1.102265117044021e+00 5.198811248026906e+00
790 5.080615120732145e+00 1.102265117036094e+00 5.198811248088037e+00
791 5.080615121123595e+00 1.102265116906510e+00 5.198811248443113e+00
792 5.080615121155152e+00 1.102265116965743e+00 5.198811248486511e+00
793 4.083982014607039e+00 1.994205629611956e+00 4.544861404796607e+00
794 4.502322333882937e+00 9.571627600931051e-01 4.602941119272562e+00
795 3.353930495955607e+00 1.693219611640211e+00 3.757105591401984e+00
796 3.353930496057893e+00 1.693219611640218e+00 3.757105591493296e+00
797 3.017165109672149e+00 1.824157127565172e+00 3.525738862291104e+00
798 2.553900502493449e+00 -1.943226223520224e+00 3.209133205775815e+00
799 2.553900502493446e+00 -1.943226223520228e+00 3.209133205775816e+00
800 2.462058384955847e+00 -1.326833281989110e+00 2.796822849078108e+00
801 2.553900502493434e+00 -1.943226223520205e+00 3.209133205775793e+00
802 2.553900502493434e+00 -1.943226223520217e+00 3.209133205775800e+00
803 2.453516293441215e+00 -5.424393733646022e-01 2.512763951499961e+00
804 2.453516292857109e+00 -5.424393732180139e-01 2.512763950897983e+00
805 2.453516292908867e+00 -5.424393733604047e-01 2.512763950979259e+00
806 2.453516293240130e+00 -5.424393731473565e-01 2.512763951256720e+00
807 2.453516292998978e+00 -5.424393734402914e-01 2.512763951084491e+00
808 2.453516293219543e+00 -5.424393733399323e-01 2.512763951278191e+00
809 2.453516293198450e+00 -5.424393734966021e-01 2.512763951291415e+00
810 2.453516293112880e+00 -5.424393733988411e-01 2.512763951186759e+00
811 4.536373882732514e+00 -2.106359117021540e+00 5.001543435160533e+00
812 4.536373882703824e+00 -2.106359117111946e+00 5.001543435172586e+00
813 4.536373883235465e+00 -2.106359117036384e+00 5.001543435622959e+00
814 4.536373883175615e+00 -2.106359117105695e+00 5.001543435597864e+00
815 4.536373882882734e+00 -2.106359117197483e+00 5.001543435370879e+00
816 4.536373883028765e+00 -2.106359117208702e+00 5.001543435508053e+00
817 4.536373882971068e+00 -2.106359117110038e+00 5.001543435414171e+00
818 4.536373882963596e+00 -2.106359117115111e+00 5.001543435409530e+00
819 4.921904118489052e+00 2.013168989417374e+00 5.317705288143680e+00
820 4.921904118487148e+00 2.013168989415805e+00 5.317705288141324e+00
821 3.017165109683153e+00 1.824157127558651e+00 3.525738862297147e+00
822 3.353930496018453e+00 1.693219611640195e+00 3.757105591458079e+00
823 3.353930495994949e+00 1.693219611640176e+00 3.757105591437088e+00
824 2.462058384930261e+00 -1.326833281998079e+00 2.796822849059840e+00
825 3.783165830440302e+00 -1.230834555338954e+00 3.978353604599207e+00
826 3.783165830697755e+00 -1.230834555339008e+00 3.978353604844046e+00
827 3.783165830481050e+00 -1.230834555339015e+00 3.978353604637975e+00
828 3.783165830656980e+00 -1.230834555339007e+00 3.978353604805271e+00
829 2.795173251361799e+00 -1.139038506616910e+00 3.018344285313484e+00
830 2.795173251405580e+00 -1.139038506616868e+00 3.018344285354012e+00
831 2.795173251448019e+00 -1.139038506616910e+00 3.018344285393330e+00
832 2.795173251319362e+00 -1.139038506616904e+00 3.018344285274183e+00
833 5.270917395179178e+00 -1.778331658830955e+00 5.562826051172453e+00
834 5.270917395179191e+00 -1.778331658830955e+00 5.562826051172465e+00
835 5.270917395179169e+00 -1.778331658830950e+00 5.562826051172443e+00
836 5.270917395179108e+00 -1.778331658830932e+00 5.562826051172379e+00
837 5.365272594366830e+00 -1.485690062554447e+00 5.567173876738252e+00
838 5.365272594310079e+00 -1.485690062446982e+00 5.567173876654880e+00
839 5.365272594035826e+00 -1.485690062688360e+00 5.567173876454988e+00
840 5.365272593594344e+00 -1.485690062600066e+00 5.567173876005955e+00
841 5.365272593493477e+00 -1.485690062586213e+00 5.567173875905048e+00
842 5.365272593477295e+00 -1.485690062581900e+00 5.567173875888303e+00
843 5.365272593939411e+00 -1.485690062572686e+00 5.567173876331200e+00
844 5.365272593840241e+00 -1.485690062608171e+00 5.567173876245097e+00
845 3.283199459700347e+00 2.210372544901075e+00 3.957921863734693e+00
846 4.921904118487521e+00 2.013168989418651e+00 5.317705288142747e+00
847 4.921904118488713e+00 2.013168989414869e+00 5.317705288142418e+00
848 4.108994856547544e+00 -2.157456816865489e+00 4.640954497490094e+00
849 4.108994856547508e+00 -2.157456816865480e+00 4.640954497490059e+00
850 4.108994856547486e+00 -2.157456816865465e+00 4.640954497490033e+00
851 3.224408586043571e+00 -1.756285180604772e+00 3.671695570899558e+00
852 3.224408585890891e+00 -1.756285180604771e+00 3.671695570765478e+00
853 3.224408585848359e+00 -1.756285180604719e+00 3.671695570728102e+00
854 3.224408586001025e+00 -1.756285180604767e+00 3.671695570862194e+00
855 3.283199460110930e+00 -2.210372544895856e+00 3.957921864072367e+00
856 3.283199459385546e+00 -2.210372544892997e+00 3.957921863469046e+00
857 3.283199459354086e+00 -2.210372544899522e+00 3.957921863446593e+00
858 3.484409172412079e+00 2.237553216812444e+00 4.140984385246719e+00
859 3.484409172412107e+00 2.237553216812472e+00 4.140984385246757e+00
860 3.484409172412096e+00 2.237553216812463e+00 4.140984385246744e+00
861 3.640317399478062e+00 1.896535581188190e+00 4.104723861559453e+00
862 3.640317399900152e+00 1.896535581186146e+00 4.104723861932843e+00
863 3.640317399566748e+00 1.896535581183831e+00 4.104723861636091e+00
864 3.640317400051812e+00 1.896535581194904e+00 4.104723862071391e+00
865 3.640317399782367e+00 1.896535581206160e+00 4.104723861837631e+00
866 3.640317399710344e+00 1.896535581200350e+00 4.104723861771073e+00
867 3.640317399731760e+00 1.896535581207278e+00 4.104723861793267e+00
868 4.108994856547554e+00 -2.157456816865507e+00 4.640954497490112e+00
869 3.484409172412096e+00 2.237553216812457e+00 4.140984385246740e+00
870 5.080615120972760e+00 1.102265116894721e+00 5.198811248293207e+00
871 5.080615120972858e+00 1.102265116894741e+00 5.198811248293309e+00
872 4.921904118488124e+00 2.013168989416670e+00 5.317705288142554e+00
873 4.921904118488104e+00 2.013168989416665e+00 5.317705288142535e+00
874 3.283199460004827e+00 -2.210372544802012e+00 3.957921863931943e+00
875 3.283199459476658e+00 -2.210372544922210e+00 3.957921863560940e+00
876 3.283199459852726e+00 -2.210372544997218e+00 3.957921863914788e+00
877 3.283199459722596e+00 -2.210372544891033e+00 3.957921863747541e+00
878 3.640317399759107e+00 1.896535581193723e+00 4.104723861811257e+00
879 3.283199459695398e+00 -2.210372544907674e+00 3.957921863734272e+00
880 4.199356450452822e+00 1.423675521373211e+00 4.434122978461131e+00
881 4.199356449764723e+00 1.423675521368184e+00 4.434122977807849e+00
882 4.199356449851686e+00 1.423675521368102e+00 4.434122977890183e+00
883 4.199356450314620e+00 1.423675521368982e+00 4.434122978328888e+00
884 4.199356450127629e+00 1.423675521380749e+00 4.434122978155576e+00
885 4.199356450044930e+00 1.423675521381162e+00 4.434122978077388e+00
886 4.199356450058114e+00 1.423675521388178e+00 4.434122978092126e+00
887 4.502322333518295e+00 -9.571627600799975e-01 4.602941118913165e+00
888 4.502322333567633e+00 -9.571627600843119e-01 4.602941118962322e+00
889 4.502322334403384e+00 -9.571627600791683e-01 4.602941119778735e+00
890 4.502322334329031e+00 -9.571627600793852e-01 4.602941119706052e+00
891 4.502322333982328e+00 -9.571627600865011e-01 4.602941119368406e+00
892 4.502322333991026e+00 -9.571627600885072e-01 4.602941119377332e+00
893 4.502322333882947e+00 -9.571627600931225e-01 4.602941119272575e+00
894 4.502322333886449e+00 -9.571627600954092e-01 4.602941119276476e+00
895 4.199356450109564e+00 1.423675521374281e+00 4.434122978136390e+00
896 4.061677744453698e+00 2.026877963402486e+00 4.539323779850595e+00
897 4.061677744928650e+00 2.026877963397437e+00 4.539323780273315e+00
898 4.061677744493091e+00 2.026877963438430e+00 4.539323779901892e+00
899 4.061677744802033e+00 2.026877963386488e+00 4.539323780155133e+00
900 4.061677744682243e+00 2.026877963399010e+00 4.539323780053540e+00
901 4.061677744673772e+00 2.026877963410409e+00 4.539323780051049e+00
902 5.365272593882224e+00 -1.485690062579857e+00 5.567173876278002e+00
903 5.365272593882210e+00 -1.485690062579875e+00 5.567173876277993e+00
904 5.365272593882222e+00 -1.485690062579877e+00 5.567173876278005e+00
905 4.921904118122471e+00 -2.013168989419099e+00 5.317705287805037e+00
906 4.921904118265052e+00 -2.013168989482806e+00 5.317705287961124e+00
907 4.921904118830080e+00 -2.013168989405074e+00 5.317705288454669e+00
908 4.921904118735000e+00 -2.013168989359719e+00 5.317705288349496e+00
909 4.921904118488714e+00 -2.013168989414879e+00 5.317705288142422e+00
910 4.083982014664601e+00 -1.994205629612005e+00 4.544861404848353e+00
911 4.083982014607068e+00 -1.994205629611938e+00 4.544861404796626e+00
912 4.083982014627909e+00 -1.994205629612011e+00 4.544861404815385e+00
913 4.083982014570430e+00 -1.994205629611985e+00 4.544861404763723e+00
914 4.061677744664247e+00 2.026877963414736e+00 4.539323780044459e+00
915 4.061677744678652e+00 2.026877963402312e+00 4.539323780051800e+00
916 3.746171814662395e+00 -2.106359117021548e+00 4.297738009096266e+00
917 3.746171815165340e+00 -2.106359117036387e+00 4.297738009541937e+00
918 3.746171814633705e+00 -2.106359117111958e+00 4.297738009115569e+00
919 3.746171815105506e+00 -2.106359117105708e+00 4.297738009523757e+00
920 3.746171814812647e+00 -2.106359117197504e+00 4.297738009313472e+00
921 3.746171814958617e+00 -2.106359117208696e+00 4.297738009446195e+00
922 3.746171814900935e+00 -2.106359117110019e+00 4.297738009347553e+00
923 3.746171814893449e+00 -2.106359117115125e+00 4.297738009343529e+00
924 3.017165109421386e+00 -1.824157127459664e+00 3.525738862021925e+00
925 3.017165109397616e+00 -1.824157127562573e+00 3.525738862054827e+00
926 3.017165109969895e+00 -1.824157127476870e+00 3.525738862500216e+00
927 3.017165109889778e+00 -1.824157127553180e+00 3.525738862471137e+00
928 3.017165109590298e+00 -1.824157127654327e+00 3.525738862267187e+00
929 3.017165109734406e+00 -1.824157127669922e+00 3.525738862398577e+00
930 3.017165109683168e+00 -1.824157127558671e+00 3.525738862297170e+00
931 3.017165109672149e+00 -1.824157127565183e+00 3.525738862291110e+00
932 3.484409172879246e+00 -2.237553216820614e+00 4.140984385644229e+00
933 3.484409172595928e+00 -2.237553216719323e+00 4.140984385351101e+00
934 3.484409172142795e+00 -2.237553216759058e+00 4.140984384991284e+00
935 3.484409172089896e+00 -2.237553216756991e+00 4.140984384945656e+00
936 3.484409172243272e+00 -2.237553216863649e+00 4.140984385132345e+00
937 3.484409172493957e+00 -2.237553216925192e+00 4.140984385376537e+00
938 3.484409172449472e+00 -2.237553216801734e+00 4.140984385272396e+00
939 3.484409172401928e+00 -2.237553216852914e+00 4.140984385260045e+00
940 5.080615120972738e+00 1.102265116894723e+00 5.198811248293188e+00
941 4.921904118488112e+00 2.013168989416674e+00 5.317705288142546e+00
942 4.921904118487493e+00 -2.013168989418615e+00 5.317705288142707e+00
943 3.353930495994990e+00 -1.693219611640199e+00 3.757105591437135e+00
944 3.353930495955574e+00 -1.693219611640204e+00 3.757105591401951e+00
945 3.353930496018464e+00 -1.693219611640206e+00 3.757105591458092e+00
946 3.353930496057876e+00 -1.693219611640218e+00 3.757105591493282e+00
947 4.073401528181076e+00 2.210372544895853e+00 4.634473734634527e+00
948 4.073401528075017e+00 2.210372544802038e+00 4.634473734496563e+00
949 4.073401527922847e+00 2.210372544997196e+00 4.634473734455895e+00
950 4.073401527424280e+00 2.210372544899534e+00 4.634473733971108e+00
951 4.073401527546798e+00 2.210372544922230e+00 4.634473734089618e+00
952 4.073401527455710e+00 2.210372544892975e+00 4.634473733995604e+00
953 4.073401527792753e+00 2.210372544891043e+00 4.634473734290921e+00
954 3.283199459700341e+00 -2.210372544901063e+00 3.957921863734682e+00
955 3.283199459700310e+00 -2.210372544901035e+00 3.957921863734640e+00
956 4.921904118487168e+00 -2.013168989415826e+00 5.317705288141351e+00
957 4.921904118489101e+00 -2.013168989417397e+00 5.317705288143734e+00
958 3.283199459700349e+00 -2.210372544901076e+00 3.957921863734695e+00
959 2.195319134338047e+00 7.019503415632429e-01 2.304812440007106e+00
960 2.195319133978886e+00 7.019503416279075e-01 2.304812439684700e+00
961 2.195319134236866e+00 7.019503416470481e-01 2.304812439936254e+00
962 2.195319133906697e+00 7.019503418441503e-01 2.304812439681800e+00
963 2.195319134235036e+00 7.019503423010771e-01 2.304812440133701e+00
964 2.195319133990018e+00 7.019503422673682e-01 2.304812439890057e+00
965 2.195319134341163e+00 7.019503420686481e-01 2.304812440163998e+00
966 2.195319134175535e+00 7.019503421354483e-01 2.304812440026583e+00
967 3.484409172412054e+00 -2.237553216812437e+00 4.140984385246694e+00
968 3.484409172412083e+00 -2.237553216812451e+00 4.140984385246726e+00
969 3.640317400051790e+00 -1.896535581194903e+00 4.104723862071371e+00
970 3.640317399478061e+00 -1.896535581188202e+00 4.104723861559458e+00
971 3.640317399900207e+00 -1.896535581186151e+00 4.104723861932895e+00
972 3.640317399566780e+00 -1.896535581183841e+00 4.104723861636124e+00
973 3.640317399710378e+00 -1.896535581200361e+00 4.104723861771108e+00
974 3.640317399731796e+00 -1.896535581207297e+00 4.104723861793307e+00
975 3.640317399782361e+00 -1.896535581206165e+00 4.104723861837629e+00
976 3.640317399759097e+00 -1.896535581193726e+00 4.104723861811250e+00
977 4.921904118488188e+00 2.013168989416704e+00 5.317705288142627e+00
978 4.921904118488157e+00 -2.013168989416672e+00 5.317705288142585e+00
979 4.073401527765539e+00 2.210372544907674e+00 4.634473734274935e+00
980 3.749352678089557e+00 2.067096634533891e+00 4.281417288842408e+00
981 3.749352678058037e+00 2.067096634819129e+00 4.281417288952519e+00
982 3.749352677886213e+00 2.067096634829366e+00 4.281417288806991e+00
983 3.749352677910661e+00 2.067096634564569e+00 4.281417288700555e+00
984 3.749352677884319e+00 2.067096634727388e+00 4.281417288756097e+00
985 3.749352678072151e+00 2.067096634653568e+00 4.281417288884946e+00
986 3.484409172412080e+00 -2.237553216812443e+00 4.140984385246719e+00
987 3.484409172412148e+00 -2.237553216812485e+00 4.140984385246799e+00
988 2.767794508158842e+00 1.192379124507007e+00 3.013711070417060e+00
989 2.767794507628929e+00 1.192379124475526e+00 3.013711069917932e+00
990 2.767794507673340e+00 1.192379124556768e+00 3.013711069990862e+00
991 2.767794507919787e+00 1.192379124442197e+00 3.013711070171869e+00
992 2.767794507933132e+00 1.192379124522838e+00 3.013711070216032e+00
993 2.767794507864052e+00 1.192379124515859e+00 3.013711070149827e+00
994 2.767794507839634e+00 1.192379124526983e+00 3.013711070131803e+00
995 2.767794507882600e+00 1.192379124496376e+00 3.013711070159153e+00
996 4.073401528074987e+00 -2.210372544802028e+00 4.634473734496533e+00
997 4.073401528181087e+00 -2.210372544895850e+00 4.634473734634535e+00
998 4.073401527922874e+00 -2.210372544997231e+00 4.634473734455935e+00
999 4.073401527546848e+00 -2.210372544922244e+00 4.634473734089669e+00
1000 4.073401527455683e+00 -2.210372544892977e+00 4.634473733995582e+00
1001 4.073401527424253e+00 -2.210372544899545e+00 4.634473733971089e+00
1002 4.073401527792723e+00 -2.210372544891008e+00 4.634473734290879e+00
1003 4.073401527765555e+00 -2.210372544907677e+00 4.634473734274950e+00
1004 5.365272593882213e+00 -1.485690062579846e+00 5.567173876277987e+00
1005 3.283199459700323e+00 -2.210372544901050e+00 3.957921863734659e+00
1006 4.921904118488172e+00 -2.013168989416674e+00 5.317705288142601e+00
1007 4.539554746159728e+00 2.067096634533926e+00 4.988030251500365e+00
1008 4.539554746128225e+00 2.067096634819151e+00 4.988030251589895e+00
1009 4.539554745956398e+00 2.067096634829385e+00 4.988030251437758e+00
1010 4.539554745954467e+00 2.067096634727379e+00 4.988030251393727e+00
1011 4.539554746142366e+00 2.067096634653601e+00 4.988030251534159e+00
1012 4.539554745980770e+00 2.067096634564540e+00 4.988030251350184e+00
1013 2.195319133990036e+00 -7.019503422673625e-01 2.304812439890073e+00
1014 2.195319134235034e+00 -7.019503423010724e-01 2.304812440133698e+00
1015 2.195319134338028e+00 -7.019503415632397e-01 2.304812440007086e+00
1016 2.195319133978895e+00 -7.019503416279067e-01 2.304812439684709e+00
1017 2.195319134236875e+00 -7.019503416470545e-01 2.304812439936264e+00
1018 2.195319133906700e+00 -7.019503418441529e-01 2.304812439681803e+00
1019 2.195319134341158e+00 -7.019503420686539e-01 2.304812440163996e+00
1020 2.195319134175522e+00 -7.019503421354492e-01 2.304812440026571e+00
1021 4.199356450452827e+00 -1.423675521373219e+00 4.434122978461138e+00
1022 4.199356449764723e+00 -1.423675521368182e+00 4.434122977807848e+00
1023 4.199356449851705e+00 -1.423675521368106e+00 4.434122977890201e+00
1024 4.199356450314607e+00 -1.423675521368988e+00 4.434122978328877e+00
1025 4.199356450127627e+00 -1.423675521380758e+00 4.434122978155576e+00
1026 4.199356450109585e+00 -1.423675521374270e+00 4.434122978136406e+00
1027 4.199356450044915e+00 -1.423675521381158e+00 4.434122978077372e+00
1028 4.199356450058073e+00 -1.423675521388156e+00 4.434122978092081e+00
1029 4.073401527770501e+00 2.210372544901058e+00 4.634473734276139e+00
1030 4.073401527770465e+00 2.210372544901035e+00 4.634473734276098e+00
1031 2.767794508158804e+00 -1.192379124506999e+00 3.013711070417022e+00
1032 2.767794507628947e+00 -1.192379124475522e+00 3.013711069917947e+00
1033 2.767794507673328e+00 -1.192379124556769e+00 3.013711069990852e+00
1034 4.061677744928662e+00 -2.026877963397445e+00 4.539323780273331e+00
1035 4.061677744493119e+00 -2.026877963438444e+00 4.539323779901924e+00
1036 4.061677744453723e+00 -2.026877963402468e+00 4.539323779850609e+00
1037 4.061677744802044e+00 -2.026877963386477e+00 4.539323780155138e+00
1038 4.061677744664212e+00 -2.026877963414739e+00 4.539323780044429e+00
1039 4.061677744678598e+00 -2.026877963402303e+00 4.539323780051748e+00
1040 2.767794507919807e+00 -1.192379124442192e+00 3.013711070171886e+00
1041 2.767794507933122e+00 -1.192379124522833e+00 3.013711070216021e+00
1042 2.767794507882596e+00 -1.192379124496359e+00 3.013711070159143e+00
1043 2.767794507839647e+00 -1.192379124526990e+00 3.013711070131817e+00
1044 3.330484074569822e+00 1.731130910961325e+00 3.753523464939175e+00
1045 3.330484074079351e+00 1.731130910959534e+00 3.753523464503157e+00
1046 3.330484074420614e+00 1.731130910947276e+00 3.753523464800304e+00
1047 3.330484074121401e+00 1.731130911006241e+00 3.753523464562008e+00
1048 3.330484074318892e+00 1.731130910957824e+00 3.753523464714911e+00
1049 3.330484074304009e+00 1.731130910973883e+00 3.753523464709112e+00
1050 2.767794507864053e+00 -1.192379124515850e+00 3.013711070149825e+00
1051 4.804205605470314e+00 1.943226223510851e+00 5.182327629103801e+00
1052 4.804205605376593e+00 1.943226223410197e+00 5.182327628979176e+00
1053 4.804205605192598e+00 1.943226223622797e+00 5.182327628888325e+00
1054 4.804205604678639e+00 1.943226223519278e+00 5.182327628373050e+00
1055 4.804205604709287e+00 1.943226223513222e+00 5.182327628399191e+00
1056 4.804205604792637e+00 1.943226223543775e+00 5.182327628487916e+00
1057 4.539554746077091e+00 2.067096634654225e+00 4.988030251475011e+00
1058 4.073401527770503e+00 2.210372544901060e+00 4.634473734276144e+00
1059 4.073401527770532e+00 2.210372544901072e+00 4.634473734276174e+00
1060 4.073401527770447e+00 -2.210372544901051e+00 4.634473734276089e+00
1061 2.195319134150284e+00 7.019503419318646e-01 2.304812439940529e+00
1062 2.195319134150258e+00 7.019503419318633e-01 2.304812439940505e+00
1063 2.195319134150247e+00 7.019503419318511e-01 2.304812439940489e+00
1064 2.195319134150270e+00 7.019503419318667e-01 2.304812439940517e+00
1065 4.061677744682222e+00 -2.026877963399042e+00 4.539323780053534e+00
1066 4.061677744673714e+00 -2.026877963410367e+00 4.539323780050979e+00
1067 3.330484074291656e+00 1.731130910979713e+00 3.753523464700840e+00
1068 3.330484074311242e+00 1.731130910963299e+00 3.753523464710649e+00
1069 3.330484074121403e+00 -1.731130911006240e+00 3.753523464562009e+00
1070 3.330484074079341e+00 -1.731130910959534e+00 3.753523464503147e+00
1071 2.195319134150261e+00 -7.019503419318526e-01 2.304812439940503e+00
1072 2.195319134150282e+00 -7.019503419318620e-01 2.304812439940526e+00
1073 3.330484074569842e+00 -1.731130910961338e+00 3.753523464939199e+00
1074 2.195319134150278e+00 -7.019503419318657e-01 2.304812439940524e+00
1075 3.330484074420683e+00 -1.731130910947320e+00 3.753523464800385e+00
1076 2.467435929501290e+00 -1.261710614531720e+00 2.771309030226674e+00
1077 2.467435929700438e+00 -1.261710614532046e+00 2.771309030404133e+00
1078 2.467435929546572e+00 -1.261710614121156e+00 2.771309030080070e+00
1079 2.467435929762295e+00 -1.261710614072814e+00 2.771309030250130e+00
1080 2.467435929661999e+00 -1.261710614182656e+00 2.771309030210840e+00
1081 2.467435929522617e+00 -1.261710614349592e+00 2.771309030162743e+00
1082 2.467435929714902e+00 -1.261710614322196e+00 2.771309030321472e+00
1083 2.467435929640612e+00 -1.261710614347287e+00 2.771309030266750e+00
1084 4.539554746073787e+00 2.067096634689533e+00 4.988030251486635e+00
1085 4.921904118488110e+00 -2.013168989416671e+00 5.317705288142541e+00
1086 4.921904118488172e+00 -2.013168989416700e+00 5.317705288142611e+00
1087 4.131702050052305e+00 2.013168989419095e+00 4.596064752629702e+00
1088 4.131702050759942e+00 2.013168989405084e+00 4.596064753259706e+00
1089 4.131702050664917e+00 2.013168989359741e+00 4.596064753154421e+00
1090 4.131702050194939e+00 2.013168989482829e+00 4.596064752785842e+00
1091 4.073401527770482e+00 -2.210372544901061e+00 4.634473734276125e+00
1092 4.073401527770495e+00 -2.210372544901080e+00 4.634473734276146e+00
1093 4.073401527770501e+00 -2.210372544901064e+00 4.634473734276142e+00
1094 4.804205605470355e+00 -1.943226223510870e+00 5.182327629103847e+00
1095 4.804205605376617e+00 -1.943226223410210e+00 5.182327628979204e+00
1096 4.804205604709478e+00 -1.943226223513187e+00 5.182327628399355e+00
1097 4.804205604678669e+00 -1.943226223519287e+00 5.182327628373082e+00
1098 4.804205604792461e+00 -1.943226223543817e+00 5.182327628487768e+00
1099 5.080615121549444e+00 -1.102265116847769e+00 5.198811248846827e+00
1100 5.080615121383645e+00 -1.102265116785894e+00 5.198811248671678e+00
1101 5.080615120564944e+00 -1.102265116798973e+00 5.198811247874363e+00
1102 5.080615120605295e+00 -1.102265116772836e+00 5.198811247908257e+00
1103 5.080615120667894e+00 -1.102265117044044e+00 5.198811248026933e+00
1104 5.080615120732102e+00 -1.102265117036106e+00 5.198811248087998e+00
1105 5.080615121155207e+00 -1.102265116965765e+00 5.198811248486569e+00
1106 5.080615121123591e+00 -1.102265116906527e+00 5.198811248443113e+00
1107 4.804205605192561e+00 -1.943226223622778e+00 5.182327628888284e+00
1108 4.804205605070504e+00 -1.943226223509977e+00 5.182327628732835e+00
1109 3.330484074291638e+00 -1.731130910979703e+00 3.753523464700820e+00
1110 3.330484074318890e+00 -1.731130910957834e+00 3.753523464714914e+00
1111 3.330484074311187e+00 -1.731130910963282e+00 3.753523464710592e+00
1112 3.330484074304063e+00 -1.731130910973894e+00 3.753523464709165e+00
1113 4.804205605027804e+00 -1.943226223531654e+00 5.182327628701380e+00
1114 4.214930248885029e+00 1.973969317039476e+00 4.654265985907907e+00
1115 4.214930248595833e+00 1.973969316934589e+00 4.654265985601524e+00
1116 4.214930248057721e+00 1.973969316972267e+00 4.654265985130189e+00
1117 4.214930248116980e+00 1.973969316969739e+00 4.654265985182781e+00
1118 4.214930248204009e+00 1.973969317097446e+00 4.654265985315758e+00
1119 4.214930248480856e+00 1.973969317139611e+00 4.654265985584356e+00
1120 3.749352677886235e+00 -2.067096634829372e+00 4.281417288807014e+00
1121 3.749352677910666e+00 -2.067096634564576e+00 4.281417288700563e+00
1122 3.749352678089536e+00 -2.067096634533899e+00 4.281417288842393e+00
1123 3.749352678058040e+00 -2.067096634819124e+00 4.281417288952519e+00
1124 3.749352677884323e+00 -2.067096634727411e+00 4.281417288756111e+00
1125 3.749352678072153e+00 -2.067096634653594e+00 4.281417288884960e+00
1126 4.539554745956370e+00 -2.067096634829369e+00 4.988030251437726e+00
1127 4.539554746128171e+00 -2.067096634819126e+00 4.988030251589835e+00
1128 4.539554745980845e+00 -2.067096634564568e+00 4.988030251350263e+00
1129 4.539554745954402e+00 -2.067096634727380e+00 4.988030251393670e+00
1130 4.539554746159681e+00 -2.067096634533894e+00 4.988030251500310e+00
1131 4.539554746142319e+00 -2.067096634653591e+00 4.988030251534113e+00
1132 3.749352678006962e+00 -2.067096634654209e+00 4.281417288828168e+00
1133 4.539554746077117e+00 -2.067096634654229e+00 4.988030251475037e+00
1134 3.749352678003623e+00 -2.067096634689530e+00 4.281417288842297e+00
1135 4.539554746073766e+00 -2.067096634689534e+00 4.988030251486618e+00
1136 2.195319134150296e+00 -7.019503419318688e-01 2.304812439940541e+00
1137 3.749352678006950e+00 2.067096634654227e+00 4.281417288828165e+00
1138 3.749352678003611e+00 2.067096634689532e+00 4.281417288842287e+00
1139 4.804205605070461e+00 1.943226223509971e+00 5.182327628732793e+00
1140 4.804205605027780e+00 1.943226223531642e+00 5.182327628701353e+00
1141 4.539554746059077e+00 2.067096634683961e+00 4.988030251470939e+00
1142 4.539554746059101e+00 2.067096634683951e+00 4.988030251470957e+00
1143 4.539554746059075e+00 2.067096634683950e+00 4.988030251470933e+00
1144 4.214930248368383e+00 1.973969317094145e+00 4.654265985463217e+00
1145 2.467435929762294e+00 1.261710614072807e+00 2.771309030250126e+00
1146 2.467435929700430e+00 1.261710614532038e+00 2.771309030404122e+00
1147 2.467435929546539e+00 1.261710614121131e+00 2.771309030080030e+00
1148 2.467435929501260e+00 1.261710614531715e+00 2.771309030226644e+00
1149 2.467435929661997e+00 1.261710614182659e+00 2.771309030210840e+00
1150 2.467435929522622e+00 1.261710614349574e+00 2.771309030162739e+00
1151 2.467435929714957e+00 1.261710614322213e+00 2.771309030321528e+00
1152 2.467435929640641e+00 1.261710614347288e+00 2.771309030266778e+00
1153 4.131702050052337e+00 -2.013168989419118e+00 4.596064752629741e+00
1154 2.489893747202224e+00 4.484518358254959e-01 2.529956505834041e+00
1155 2.489893747934118e+00 4.484518359654196e-01 2.529956506579147e+00
1156 2.489893747877957e+00 4.484518357656190e-01 2.529956506488460e+00
1157 2.489893747331260e+00 4.484518361065772e-01 2.529956506010857e+00
1158 4.775099956466436e+00 1.525220714660656e+00 5.012771471219860e+00
1159 4.775099956182293e+00 1.525220714555364e+00 5.012771470917153e+00
1160 4.775099955552886e+00 1.525220714592097e+00 5.012771470328764e+00
1161 4.775099955619401e+00 1.525220714575866e+00 5.012771470387188e+00
1162 4.775099955686452e+00 1.525220714762501e+00 5.012771470507846e+00
1163 4.775099956045669e+00 1.525220714759315e+00 5.012771470849062e+00
1164 4.804205605039787e+00 1.943226223520222e+00 5.182327628708202e+00
1165 4.804205605039817e+00 1.943226223520214e+00 5.182327628708227e+00
1166 4.804205605039788e+00 1.943226223520214e+00 5.182327628708199e+00
1167 4.804205605039837e+00 1.943226223520217e+00 5.182327628708246e+00
1168 3.020612292522732e+00 1.778331658998307e+00 3.505219267197860e+00
1169 3.020612292701377e+00 1.778331658990044e+00 3.505219267347615e+00
1170 3.020612292741468e+00 1.778331658657759e+00 3.505219267213582e+00
1171 3.020612292553880e+00 1.778331658691859e+00 3.505219267069228e+00
1172 4.539554746059086e+00 -2.067096634683962e+00 4.988030251470949e+00
1173 4.539554746059094e+00 -2.067096634683974e+00 4.988030251470961e+00
1174 4.539554746059092e+00 -2.067096634683966e+00 4.988030251470955e+00
1175 4.214930248885094e+00 -1.973969317039491e+00 4.654265985907973e+00
1176 4.214930248057771e+00 -1.973969316972290e+00 4.654265985130242e+00
1177 4.214930248117009e+00 -1.973969316969736e+00 4.654265985182807e+00
1178 4.214930248204012e+00 -1.973969317097477e+00 4.654265985315774e+00
1179 4.214930248595818e+00 -1.973969316934583e+00 4.654265985601509e+00
1180 2.489893747202233e+00 -4.484518358255007e-01 2.529956505834051e+00
1181 2.489893747331261e+00 -4.484518361065814e-01 2.529956506010858e+00
1182 2.489893747934118e+00 -4.484518359654235e-01 2.529956506579148e+00
1183 2.489893747877959e+00 -4.484518357656206e-01 2.529956506488463e+00
1184 2.489893747645260e+00 -4.484518358988185e-01 2.529956506283058e+00
1185 2.489893747527308e+00 -4.484518359351195e-01 2.529956506173409e+00
1186 4.214930248442005e+00 -1.973969317022483e+00 4.654265985499496e+00
1187 4.214930248480941e+00 -1.973969317139653e+00 4.654265985584450e+00
1188 4.214930248368391e+00 -1.973969317094169e+00 4.654265985463234e+00
1189 4.775099956466458e+00 -1.525220714660684e+00 5.012771471219890e+00
1190 4.775099955552887e+00 -1.525220714592092e+00 5.012771470328762e+00
1191 4.775099955619380e+00 -1.525220714575876e+00 5.012771470387170e+00
1192 4.775099955686446e+00 -1.525220714762478e+00 5.012771470507833e+00
1193 4.775099956182260e+00 -1.525220714555371e+00 5.012771470917123e+00
1194 4.775099955831539e+00 -1.525220714765115e+00 5.012771470646849e+00
1195 4.775099956045630e+00 -1.525220714759306e+00 5.012771470849022e+00
1196 4.539554746059055e+00 2.067096634683988e+00 4.988030251470931e+00
1197 4.214930248442036e+00 1.973969317022500e+00 4.654265985499531e+00
1198 4.775099956003075e+00 1.525220714656165e+00 5.012771470777103e+00
1199 4.775099955831546e+00 1.525220714765117e+00 5.012771470646856e+00
1200 2.831056948754461e+00 1.165836783069246e+00 3.061708485771983e+00
1201 2.831056949518227e+00 1.165836783094206e+00 3.061708486487715e+00
1202 2.831056949397690e+00 1.165836782991953e+00 3.061708486337323e+00
1203 2.831056948940271e+00 1.165836783215049e+00 3.061708485999314e+00
1204 4.131702050759888e+00 -2.013168989405071e+00 4.596064753259651e+00
1205 4.131702050194921e+00 -2.013168989482817e+00 4.596064752785820e+00
1206 4.131702050664908e+00 -2.013168989359731e+00 4.596064753154408e+00
1207 3.020612292529473e+00 1.778331658877696e+00 3.505219267142479e+00
1208 2.489893747539081e+00 4.484518359110887e-01 2.529956506180736e+00
1209 2.489893747626839e+00 4.484518358854472e-01 2.529956506262559e+00
1210 2.489893747527302e+00 4.484518359351121e-01 2.529956506173401e+00
1211 2.489893747645241e+00 4.484518358988226e-01 2.529956506283040e+00
1212 2.489893747539067e+00 -4.484518359110696e-01 2.529956506180719e+00
1213 2.489893747626819e+00 -4.484518358854536e-01 2.529956506262541e+00
1214 3.020612292700440e+00 1.778331658809997e+00 3.505219267255463e+00
1215 3.020612292666744e+00 1.778331658780058e+00 3.505219267211237e+00
1216 3.020612292522741e+00 -1.778331658998308e+00 3.505219267197869e+00
1217 3.020612292701387e+00 -1.778331658990048e+00 3.505219267347626e+00
1218 3.020612292741449e+00 -1.778331658657764e+00 3.505219267213568e+00
1219 3.020612292553889e+00 -1.778331658691872e+00 3.505219267069244e+00
1220 3.020612292529491e+00 -1.778331658877714e+00 3.505219267142504e+00
1221 3.020612292700459e+00 -1.778331658810048e+00 3.505219267255505e+00
1222 3.020612292666785e+00 -1.778331658780058e+00 3.505219267211271e+00
1223 4.775099956003079e+00 -1.525220714656164e+00 5.012771470777106e+00
1224 3.749352677988943e+00 -2.067096634683961e+00 4.281417288826752e+00
1225 5.080615120972807e+00 -1.102265116894737e+00 5.198811248293258e+00
1226 5.080615120972811e+00 -1.102265116894751e+00 5.198811248293265e+00
1227 3.020612292646391e+00 1.778331658841790e+00 3.505219267225016e+00
1228 2.831056948754440e+00 -1.165836783069256e+00 3.061708485771967e+00
1229 2.831056949518194e+00 -1.165836783094198e+00 3.061708486487682e+00
1230 2.831056949397714e+00 -1.165836782991968e+00 3.061708486337350e+00
1231 2.831056948940280e+00 -1.165836783215050e+00 3.061708485999322e+00
1232 4.804205605039823e+00 -1.943226223520226e+00 5.182327628708236e+00
1233 4.804205605039783e+00 -1.943226223520214e+00 5.182327628708195e+00
1234 4.804205605039774e+00 -1.943226223520217e+00 5.182327628708188e+00
1235 4.804205605039835e+00 -1.943226223520240e+00 5.182327628708252e+00
1236 3.020612292646434e+00 -1.778331658841788e+00 3.505219267225052e+00
1237 3.749352677988915e+00 -2.067096634683953e+00 4.281417288826725e+00
1238 4.539554746059094e+00 -2.067096634683951e+00 4.988030251470952e+00
1239 3.749352677988911e+00 2.067096634683956e+00 4.281417288826722e+00
1240 3.749352677988949e+00 2.067096634683967e+00 4.281417288826760e+00
1241 4.214930248393896e+00 1.973969317033747e+00 4.654265985460705e+00
1242 4.131702050418581e+00 -2.013168989414896e+00 4.596064752957131e+00
1243 2.467435929631327e+00 1.261710614307432e+00 2.771309030240339e+00
1244 2.467435929631338e+00 1.261710614307433e+00 2.771309030240349e+00
1245 4.131702050418911e+00 2.013168989417395e+00 4.596064752958523e+00
1246 4.131702050416997e+00 2.013168989415806e+00 4.596064752956107e+00
1247 5.080615120972812e+00 -1.102265116894741e+00 5.198811248293263e+00
1248 5.080615120972761e+00 -1.102265116894749e+00 5.198811248293216e+00
1249 4.131702050417388e+00 2.013168989418656e+00 4.596064752957706e+00
1250 4.131702050418592e+00 2.013168989414896e+00 4.596064752957141e+00
1251 3.399117282147025e+00 1.714616002050517e+00 3.807086331077649e+00
1252 3.399117282872438e+00 1.714616002044757e+00 3.807086331722732e+00
1253 3.399117282767955e+00 1.714616001985905e+00 3.807086331602941e+00
1254 3.399117282304875e+00 1.714616002133454e+00 3.807086331255937e+00
1255 4.775099955923497e+00 1.525220714665886e+00 5.012771470704255e+00
1256 4.775099955923465e+00 1.525220714665882e+00 5.012771470704224e+00
1257 4.775099955923473e+00 1.525220714665886e+00 5.012771470704232e+00
1258 3.399117282147045e+00 -1.714616002050520e+00 3.807086331077668e+00
1259 3.399117282872449e+00 -1.714616002044771e+00 3.807086331722748e+00
1260 3.399117282304878e+00 -1.714616002133471e+00 3.807086331255947e+00
1261 3.399117282767918e+00 -1.714616001985902e+00 3.807086331602906e+00
1262 3.749352677988974e+00 2.067096634683983e+00 4.281417288826790e+00
1263 4.214930248393869e+00 1.973969317033728e+00 4.654265985460673e+00
1264 4.214930248393929e+00 1.973969317033753e+00 4.654265985460738e+00
1265 2.467435929631350e+00 1.261710614307416e+00 2.771309030240352e+00
1266 2.489893747585507e+00 4.484518359116998e-01 2.529956506226535e+00
1267 2.489893747585513e+00 4.484518359117038e-01 2.529956506226541e+00
1268 2.489893747585511e+00 -4.484518359116929e-01 2.529956506226537e+00
1269 2.489893747585517e+00 -4.484518359117004e-01 2.529956506226544e+00
1270 2.467435929631342e+00 -1.261710614307442e+00 2.771309030240357e+00
1271 2.467435929631348e+00 -1.261710614307437e+00 2.771309030240360e+00
1272 2.467435929631357e+00 -1.261710614307443e+00 2.771309030240371e+00
1273 2.831056949150682e+00 1.165836783090350e+00 3.061708486146390e+00
1274 2.831056949153485e+00 1.165836783094319e+00 3.061708486150495e+00
1275 2.831056949150166e+00 1.165836783098957e+00 3.061708486149191e+00
1276 2.831056949155279e+00 1.165836783086926e+00 3.061708486149337e+00
1277 4.214930248393879e+00 -1.973969317033724e+00 4.654265985460680e+00
1278 4.214930248393892e+00 -1.973969317033740e+00 4.654265985460698e+00
1279 4.214930248393865e+00 -1.973969317033726e+00 4.654265985460668e+00
1280 4.131702050417372e+00 -2.013168989418635e+00 4.596064752957683e+00
1281 4.131702050416998e+00 -2.013168989415834e+00 4.596064752956120e+00
1282 4.131702050418905e+00 -2.013168989417354e+00 4.596064752958500e+00
1283 2.831056949155295e+00 -1.165836783086938e+00 3.061708486149357e+00
1284 2.831056949150186e+00 -1.165836783098968e+00 3.061708486149213e+00
1285 4.775099955923461e+00 -1.525220714665881e+00 5.012771470704220e+00
1286 4.775099955923444e+00 -1.525220714665878e+00 5.012771470704203e+00
1287 2.831056949150692e+00 -1.165836783090345e+00 3.061708486146398e+00
1288 2.831056949153465e+00 -1.165836783094317e+00 3.061708486150474e+00
1289 4.775099955923457e+00 -1.525220714665876e+00 5.012771470704214e+00
1290 4.775099955923473e+00 -1.525220714665876e+00 5.012771470704229e+00
1291 4.131702050417986e+00 2.013168989416690e+00 4.596064752957383e+00
1292 3.749352677988942e+00 -2.067096634683978e+00 4.281417288826759e+00
1293 3.020612292632824e+00 1.778331658830950e+00 3.505219267207825e+00
1294 4.131702050418010e+00 -2.013168989416676e+00 4.596064752957398e+00
1295 3.020612292632835e+00 1.778331658830951e+00 3.505219267207835e+00
1296 3.020612292632844e+00 1.778331658830957e+00 3.505219267207847e+00
1297 3.020612292632816e+00 1.778331658830947e+00 3.505219267207817e+00
1298 4.131702050417976e+00 -2.013168989416665e+00 4.596064752957363e+00
1299 4.131702050417974e+00 -2.013168989416673e+00 4.596064752957364e+00
1300 3.399117282523870e+00 -1.714616002051223e+00 3.807086331414430e+00
1301 3.399117282522305e+00 -1.714616002056381e+00 3.807086331415355e+00
1302 3.020612292632856e+00 -1.778331658830965e+00 3.505219267207861e+00
1303 3.020612292632836e+00 -1.778331658830948e+00 3.505219267207834e+00
1304 3.020612292632826e+00 -1.778331658830944e+00 3.505219267207824e+00
1305 3.020612292632834e+00 -1.778331658830953e+00 3.505219267207835e+00
1306 3.399117282521746e+00 -1.714616002052603e+00 3.807086331413155e+00
1307 3.399117282524151e+00 -1.714616002054490e+00 3.807086331416151e+00
1308 3.399117282524194e+00 1.714616002054518e+00 3.807086331416203e+00
1309 3.399117282521794e+00 1.714616002052624e+00 3.807086331413207e+00
1310 3.399117282522242e+00 1.714616002056345e+00 3.807086331415282e+00
1311 3.399117282523820e+00 1.714616002051197e+00 3.807086331414373e+00
1312 3.399117282523033e+00 1.714616002053664e+00 3.807086331414782e+00
1313 3.399117282523048e+00 -1.714616002053669e+00 3.807086331414797e+00
1314 3.399117282523026e+00 -1.714616002053663e+00 3.807086331414775e+00
1315 3.399117282523018e+00 -1.714616002053666e+00 3.807086331414769e+00
1316 3.399117282523017e+00 1.714616002053656e+00 3.807086331414764e+00
1317 3.399117282523020e+00 1.714616002053660e+00 3.807086331414768e+00
1318 3.399117282523016e+00 1.714616002053667e+00 3.807086331414768e+00
1319 3.399117282523031e+00 -1.714616002053666e+00 3.807086331414780e+00
1320 4.131702050417984e+00 -2.013168989416678e+00 4.596064752957376e+00
1321 4.775099955923432e+00 1.525220714665866e+00 5.012771470704187e+00
1322 4.214930248393867e+00 -1.973969317033722e+00 4.654265985460668e+00
1323 2.467435929631341e+00 1.261710614307434e+00 2.771309030240352e+00
1324 2.467435929631344e+00 -1.261710614307431e+00 2.771309030240353e+00
1325 2.489893747585496e+00 4.484518359117000e-01 2.529956506226524e+00
1326 2.489893747585485e+00 4.484518359116924e-01 2.529956506226512e+00
1327 2.489893747585506e+00 -4.484518359116954e-01 2.529956506226533e+00
1328 2.489893747585508e+00 -4.484518359116981e-01 2.529956506226535e+00
1329 4.131702050417977e+00 2.013168989416664e+00 4.596064752957363e+00
1330 4.131702050418000e+00 2.013168989416684e+00 4.596064752957393e+00
1331 4.131702050418006e+00 2.013168989416696e+00 4.596064752957404e+00
1332 2.831056949152525e+00 1.165836783092619e+00 3.061708486148959e+00
1333 2.831056949152532e+00 1.165836783092624e+00 3.061708486148967e+00
1334 2.831056949152543e+00 1.165836783092635e+00 3.061708486148981e+00
1335 2.831056949152535e+00 1.165836783092629e+00 3.061708486148971e+00
1336 2.831056949152529e+00 -1.165836783092632e+00 3.061708486148968e+00
1337 2.831056949152544e+00 -1.165836783092619e+00 3.061708486148977e+00
1338 2.831056949152532e+00 -1.165836783092628e+00 3.061708486148969e+00
1339 2.831056949152531e+00 -1.165836783092627e+00 3.061708486148968e+00
1340 5.080615120972737e+00 1.102265116894735e+00 5.198811248293190e+00
1341 3.749352677988925e+00 2.067096634683960e+00 4.281417288826736e+00
1342 4.214930248393882e+00 1.973969317033732e+00 4.654265985460686e+00
1343 3.749352677988930e+00 -2.067096634683957e+00 4.281417288826739e+00
