    0.000000000000000e+00     4.659599873136754e+01    -6.247325074415732e-16
    0.000000000000000e+00     3.274506450425104e-16    -6.727226100943993e-16
    7.142857142857142e-02     9.666962015035898e+00    -3.511598289969658e-17
    7.142857142857142e-02     1.941032617581575e-16    -4.523752428881644e-16
    1.428571428571428e-01     4.064668324927236e+00     3.375594224448128e-16
    1.428571428571428e-01     7.259919791828274e-17    -3.478939103482342e-16
    2.142857142857143e-01     2.133310157938497e+00     5.069386329311586e-16
    2.142857142857143e-01     1.381174812605313e-16    -2.620756191558911e-16
    2.857142857142857e-01     1.257545864812234e+00     6.046569965520712e-16
    2.857142857142857e-01     1.204443559867119e-16    -2.082679864213399e-16
    3.571428571428571e-01     8.009044665098307e-01     6.529378565551475e-16
    3.571428571428571e-01     1.530844575834340e-16    -1.452697077622153e-16
    4.285714285714285e-01     5.409533911295803e-01     6.674422473608989e-16
    4.285714285714285e-01     1.760061823823975e-16    -1.325775765124930e-16
    5.000000000000000e-01     3.832336425612373e-01     6.729117635383928e-16
    5.000000000000000e-01     2.007921520815750e-16    -1.174785578763248e-16
    5.714285714285714e-01     2.825300590776590e-01     6.760068974296191e-16
    5.714285714285714e-01     2.011394747332502e-16    -1.006103744257773e-16
    6.428571428571428e-01     2.153806084174318e-01     6.736983310281318e-16
    6.428571428571428e-01     2.191703916021084e-16    -8.736948833364966e-17
    7.142857142857142e-01     1.688710081256892e-01     6.724668250745148e-16
    7.142857142857142e-01     2.304711440928825e-16    -7.686448093207023e-17
    7.857142857142857e-01     1.355548015868655e-01     6.662402572166130e-16
    7.857142857142857e-01     2.362059165411399e-16    -7.124392009246555e-17
    8.571428571428571e-01     1.109678168866882e-01     6.574836076523646e-16
    8.571428571428571e-01     2.415466128448722e-16    -6.434064189206049e-17
    9.285714285714285e-01     9.234054587882340e-02     6.503742235699663e-16
    9.285714285714285e-01     2.463712601804412e-16    -5.884099108627157e-17
    1.000000000000000e+00     7.790057304758057e-02     6.431515223671646e-16
    1.000000000000000e+00     2.478772203636242e-16    -5.163451409104683e-17
    1.071428571428571e+00     6.648052489657495e-02     6.356867486776040e-16
    1.071428571428571e+00     2.522072581756420e-16    -4.781591676930182e-17
    1.142857142857143e+00     5.729067392527037e-02     6.266468043952476e-16
    1.142857142857143e+00     2.547464420538720e-16    -4.456739557320156e-17
    1.214285714285714e+00     4.978328787937884e-02     6.172786199962438e-16
    1.214285714285714e+00     2.561510669274003e-16    -4.067173898457161e-17
    1.285714285714286e+00     4.356959476604908e-02     6.075093555301394e-16
    1.285714285714286e+00     2.573965797652308e-16    -3.700668799801735e-17
    1.357142857142857e+00     3.836771180527350e-02     5.974089724339466e-16
    1.357142857142857e+00     2.596182192917162e-16    -3.471509854235704e-17
    1.428571428571428e+00     3.396923444764919e-02     5.867689012134272e-16
    1.428571428571428e+00     2.595314224336070e-16    -3.252540101612324e-17
    1.500000000000000e+00     3.021732456550607e-02     5.760872530561438e-16
    1.500000000000000e+00     2.606432035475620e-16    -2.970884290649893e-17
    1.571428571428571e+00     2.699203729328323e-02     5.655111712333595e-16
    1.571428571428571e+00     2.617164851282869e-16    -2.782935451619839e-17
    1.642857142857143e+00     2.420029852015482e-02     5.550111540386115e-16
    1.642857142857143e+00     2.619834779249942e-16    -2.546612979191007e-17
    1.714285714285714e+00     2.176892953640944e-02     5.444141394514438e-16
    1.714285714285714e+00     2.620134906738858e-16    -2.395822814118710e-17
    1.785714285714286e+00     1.963970619385755e-02     5.334082205977227e-16
    1.785714285714286e+00     2.621150505094201e-16    -2.218331611411880e-17
    1.857142857142857e+00     1.776580115730683e-02     5.225235049921198e-16
    1.857142857142857e+00     2.619346142973438e-16    -2.033232731593341e-17
    1.928571428571428e+00     1.610918265514485e-02     5.115923486049827e-16
    1.928571428571428e+00     2.614269338856964e-16    -1.965807103672898e-17
    2.000000000000000e+00     1.463868551041870e-02     5.002440855693397e-16
    2.000000000000000e+00     2.609656145706673e-16    -1.836084184714517e-17
    2.071428571428571e+00     1.332856194111446e-02     4.891626048213472e-16
    2.071428571428571e+00     2.599366090320487e-16    -1.662262873646054e-17
    2.142857142857143e+00     1.215737965316369e-02     4.782666042419814e-16
    2.142857142857143e+00     2.588314428259556e-16    -1.567638830962919e-17
    2.214285714285714e+00     1.110717468858024e-02     4.671347626300975e-16
    2.214285714285714e+00     2.580652641619997e-16    -1.504984751535233e-17
    2.285714285714286e+00     1.016279346621602e-02     4.560651242580048e-16
    2.285714285714286e+00     2.571272857497552e-16    -1.379354362552159e-17
    2.357142857142857e+00     9.311376939907641e-03     4.452607061948523e-16
    2.357142857142857e+00     2.558153100679802e-16    -1.279781113179398e-17
    2.428571428571428e+00     8.541952650512939e-03     4.343486350281933e-16
    2.428571428571428e+00     2.544348750726363e-16    -1.206896461637681e-17
    2.500000000000000e+00     7.845109494676381e-03     4.237125116292707e-16
    2.500000000000000e+00     2.533810940314636e-16    -1.119703562327836e-17
    2.571428571428571e+00     7.212736494848825e-03     4.131142180167502e-16
    2.571428571428571e+00     2.517434180637631e-16    -1.007340501788900e-17
    2.642857142857143e+00     6.637811504279531e-03     4.024598515875018e-16
    2.642857142857143e+00     2.501668565388145e-16    -9.496105927380144e-18
    2.714285714285714e+00     6.114229185365823e-03     3.921119402125456e-16
    2.714285714285714e+00     2.481772481607989e-16    -8.511200949667359e-18
    2.785714285714286e+00     5.636660102420363e-03     3.818667958522674e-16
    2.785714285714286e+00     2.461992819195350e-16    -7.772516367540898e-18
    2.857142857142857e+00     5.200434636305215e-03     3.718057161864098e-16
    2.857142857142857e+00     2.440361885729464e-16    -6.946305773140567e-18
    2.928571428571428e+00     4.801446827476606e-03     3.618156413768588e-16
    2.928571428571428e+00     2.417636277838012e-16    -6.326341469856859e-18
    3.000000000000000e+00     4.436074319702651e-03     3.518973976952300e-16
    3.000000000000000e+00     2.393719939445654e-16    -5.579025560534685e-18
    3.071428571428571e+00     4.101111382137035e-03     3.421492726214016e-16
    3.071428571428571e+00     2.367538632976192e-16    -4.726253476216012e-18
    3.142857142857143e+00     3.793712616563404e-03     3.325381130418905e-16
    3.142857142857143e+00     2.340380808196982e-16    -3.968291712782825e-18
    3.214285714285714e+00     3.511345437132072e-03     3.230170265203749e-16
    3.214285714285714e+00     2.312367910340422e-16    -3.232566932694902e-18
    3.285714285714286e+00     3.251749787037723e-03     3.136408441911090e-16
    3.285714285714286e+00     2.282336956685908e-16    -2.395206351612781e-18
    3.357142857142857e+00     3.012903856068779e-03     3.043775797803998e-16
    3.357142857142857e+00     2.250815159511379e-16    -1.676461058115056e-18
    3.428571428571428e+00     2.792994791542462e-03     2.952704209716785e-16
    3.428571428571428e+00     2.217167699766166e-16    -8.878765298232010e-19
    3.500000000000000e+00     2.590393586422377e-03     2.862517233048970e-16
    3.500000000000000e+00     2.182386492946106e-16    -1.717903123882007e-19
    3.571428571428571e+00     2.403633472422199e-03     2.773212551913233e-16
    3.571428571428571e+00     2.146068005376213e-16     5.639527135760241e-19
    3.642857142857143e+00     2.231391267353677e-03     2.684808713189300e-16
    3.642857142857143e+00     2.107946204288570e-16     1.292670801306128e-18
    3.714285714285714e+00     2.072471222189132e-03     2.597093810380914e-16
    3.714285714285714e+00     2.068028808259922e-16     2.012631021200888e-18
    3.785714285714286e+00     1.925790988079898e-03     2.510139158662917e-16
    3.785714285714286e+00     2.027065340256848e-16     2.715214375959148e-18
    3.857142857142857e+00     1.790369392369815e-03     2.423813601469342e-16
    3.857142857142857e+00     1.984450455671698e-16     3.426178265958998e-18
    3.928571428571428e+00     1.665315757392450e-03     2.338215266868275e-16
    3.928571428571428e+00     1.940621677825897e-16     4.138403057849385e-18
    4.000000000000000e+00     1.549820545052260e-03     2.253160586368550e-16
    4.000000000000000e+00     1.894721786237108e-16     4.834370219138023e-18
    4.071428571428571e+00     1.443147140162550e-03     2.168468791844667e-16
    4.071428571428571e+00     1.847440002935667e-16     5.505277802408048e-18
    4.142857142857142e+00     1.344624616999309e-03     2.084269858493971e-16
    4.142857142857142e+00     1.798759196930708e-16     6.207604268683841e-18
    4.214285714285714e+00     1.253641357893819e-03     2.000613328360700e-16
    4.214285714285714e+00     1.748545594136110e-16     6.894989182987120e-18
    4.285714285714286e+00     1.169639409276046e-03     1.916997889092880e-16
    4.285714285714286e+00     1.696627058758938e-16     7.545653603592028e-18
    4.357142857142857e+00     1.092109482428552e-03     1.833645983515949e-16
    4.357142857142857e+00     1.643697805044241e-16     8.215380229814500e-18
    4.428571428571428e+00     1.020586514748824e-03     1.750512815500426e-16
    4.428571428571428e+00     1.588922185665522e-16     8.883220486674724e-18
    4.500000000000000e+00     9.546457238564926e-04     1.667550699502098e-16
    4.500000000000000e+00     1.532977057698128e-16     9.520092102658594e-18
    4.571428571428571e+00     8.938990938878036e-04     1.584667222438849e-16
    4.571428571428571e+00     1.475542617434571e-16     1.015733847960378e-17
    4.642857142857142e+00     8.379922420388286e-04     1.501942544783814e-16
    4.642857142857142e+00     1.416814349450190e-16     1.078070605890723e-17
    4.714285714285714e+00     7.866016223843642e-04     1.419217679099543e-16
    4.714285714285714e+00     1.356686847309744e-16     1.137965035873497e-17
    4.785714285714286e+00     7.394320264488199e-04     1.336640999396285e-16
    4.785714285714286e+00     1.295341045255754e-16     1.199196168460692e-17
    4.857142857142857e+00     6.962143500258314e-04     1.254064059716821e-16
    4.857142857142857e+00     1.232743667164714e-16     1.257737623594976e-17
    4.928571428571428e+00     6.567035959317378e-04     1.171549552637224e-16
    4.928571428571428e+00     1.169129572216596e-16     1.315726429680417e-17
    5.000000000000000e+00     6.206770881289879e-04     1.088879002781607e-16
    5.000000000000000e+00     1.104149112023165e-16     1.371868257218203e-17
    5.071428571428571e+00     5.879328762149037e-04     1.006269806438020e-16
    5.071428571428571e+00     1.038149367180109e-16     1.427788250425403e-17
    5.142857142857142e+00     5.582883099442868e-04     9.235566223177173e-17
    5.142857142857142e+00     9.711548614606488e-17     1.480827554633433e-17
    5.214285714285714e+00     5.315787701201401e-04     8.408904489035344e-17
    5.214285714285714e+00     9.032367874466226e-17     1.534072690605945e-17
    5.285714285714286e+00     5.076565393372610e-04     7.580807924384532e-17
    5.285714285714286e+00     8.343141060856938e-17     1.584597213021999e-17
    5.357142857142857e+00     4.863898006445242e-04     6.752969373582426e-17
    5.357142857142857e+00     7.646832782595460e-17     1.633362937977854e-17
    5.428571428571428e+00     4.676617550252568e-04     5.925181742756707e-17
    5.428571428571428e+00     6.941891154890367e-17     1.680298629219219e-17
    5.500000000000000e+00     4.513698466658763e-04     5.096637630289819e-17
    5.500000000000000e+00     6.230318150459054e-17     1.725795763244556e-17
    5.571428571428571e+00     4.374250894190656e-04     4.267918338397842e-17
    5.571428571428571e+00     5.512008974170907e-17     1.769513708342860e-17
    5.642857142857142e+00     4.257514864277888e-04     3.439823883621916e-17
    5.642857142857142e+00     4.787122258305333e-17     1.812117646063475e-17
    5.714285714285714e+00     4.162855380189876e-04     2.611308136350278e-17
    5.714285714285714e+00     4.057900696901613e-17     1.851227659083241e-17
    5.785714285714286e+00     4.089758342475974e-04     1.782418379134315e-17
    5.785714285714286e+00     3.324775736331422e-17     1.888397176944283e-17
    5.857142857142857e+00     4.037827248737610e-04     9.537110060346448e-18
    5.857142857142857e+00     2.588527775617904e-17     1.923973882818505e-17
    5.928571428571428e+00     4.006780664978165e-04     1.255578831362088e-18
    5.928571428571428e+00     1.848311302533050e-17     1.957892612383179e-17
    6.000000000000000e+00     3.996450447898485e-04    -7.021151956028105e-18
    6.000000000000000e+00     1.107194230447044e-17     1.990101301049661e-17
    6.071428571428571e+00     4.006780665921155e-04    -1.528712091551785e-17
    6.071428571428571e+00     3.646645802761752e-18     2.019442912016009e-17
    6.142857142857142e+00     4.037827246650515e-04    -2.355035886896024e-17
    6.142857142857142e+00    -3.774772891052192e-18     2.047074547753142e-17
    6.214285714285714e+00     4.089758341690823e-04    -3.179472449937115e-17
    6.214285714285714e+00    -1.119463284436110e-17     2.072365528177691e-17
    6.285714285714286e+00     4.162855380413273e-04    -4.002952450794956e-17
    6.285714285714286e+00    -1.860572966960659e-17     2.095594438059563e-17
    6.357142857142857e+00     4.257514862842167e-04    -4.824692798816859e-17
    6.357142857142857e+00    -2.599996608262871e-17     2.116581388830246e-17
    6.428571428571428e+00     4.374250895080413e-04    -5.645111319301819e-17
    6.428571428571428e+00    -3.335987703174372e-17     2.135943219426289e-17
    6.500000000000000e+00     4.513698468825247e-04    -6.464151240062007e-17
    6.500000000000000e+00    -4.068862782741925e-17     2.153717575967705e-17
    6.571428571428571e+00     4.676617551505784e-04    -7.281587638327340e-17
    6.571428571428571e+00    -4.797684643511820e-17     2.168245189966352e-17
    6.642857142857142e+00     4.863898007591125e-04    -8.097335836824404e-17
    6.642857142857142e+00    -5.520683712186618e-17     2.181121848826475e-17
    6.714285714285714e+00     5.076565394450799e-04    -8.911305727490576e-17
    6.714285714285714e+00    -6.238307207559917e-17     2.192148627309450e-17
    6.785714285714286e+00     5.315787703472644e-04    -9.723742216908383e-17
    6.785714285714286e+00    -6.948794720674151e-17     2.201729854778304e-17
    6.857142857142857e+00     5.582883100487986e-04    -1.053459011426388e-16
    6.857142857142857e+00    -7.653916326581763e-17     2.209024686790411e-17
    6.928571428571428e+00     5.879328762176106e-04    -1.134394655766835e-16
    6.928571428571428e+00    -8.350584000145485e-17     2.214167366724099e-17
    7.000000000000000e+00     6.206770883074376e-04    -1.215206167714172e-16
    7.000000000000000e+00    -9.039204135267811e-17     2.217608845466720e-17
    7.071428571428571e+00     6.567035960402104e-04    -1.295877286517304e-16
    7.071428571428571e+00    -9.716581095795953e-17     2.219111282918917e-17
    7.142857142857142e+00     6.962143501289507e-04    -1.376434771566149e-16
    7.142857142857142e+00    -1.038489990577158e-16     2.220201945941958e-17
    7.214285714285714e+00     7.394320265683662e-04    -1.456792931859552e-16
    7.214285714285714e+00    -1.104331212243004e-16     2.219002907831243e-17
    7.285714285714286e+00     7.866016225681551e-04    -1.537131710885037e-16
    7.285714285714286e+00    -1.169108758987662e-16     2.216540969874097e-17
    7.357142857142857e+00     8.379922423412541e-04    -1.617443118443596e-16
    7.357142857142857e+00    -1.232576997157708e-16     2.211925773244917e-17
    7.428571428571428e+00     8.938990940043622e-04    -1.697544814446798e-16
    7.428571428571428e+00    -1.294923597726119e-16     2.208148922208485e-17
    7.500000000000000e+00     9.546457239337231e-04    -1.777802805562474e-16
    7.500000000000000e+00    -1.355881988698338e-16     2.202259453538246e-17
    7.571428571428571e+00     1.020586514791684e-03    -1.858068227913961e-16
    7.571428571428571e+00    -1.415760927518325e-16     2.194152466628468e-17
    7.642857142857142e+00     1.092109482527483e-03    -1.938415424412934e-16
    7.642857142857142e+00    -1.474294179213140e-16     2.186798826077847e-17
    7.714285714285714e+00     1.169639409418129e-03    -2.019075945431209e-16
    7.714285714285714e+00    -1.531584796721652e-16     2.177503702355240e-17
    7.785714285714286e+00     1.253641357843535e-03    -2.099823714020157e-16
    7.785714285714286e+00    -1.587327269592358e-16     2.166081144013409e-17
    7.857142857142857e+00     1.344624616916375e-03    -2.181006333693710e-16
    7.857142857142857e+00    -1.641560334625867e-16     2.156251589892326e-17
    7.928571428571428e+00     1.443147139969200e-03    -2.262386252975911e-16
    7.928571428571428e+00    -1.694456708382002e-16     2.143256481193887e-17
    8.000000000000000e+00     1.549820545028882e-03    -2.344320546472556e-16
    8.000000000000000e+00    -1.745991655337875e-16     2.131641861635245e-17
    8.071428571428571e+00     1.665315757462169e-03    -2.426557557446011e-16
    8.071428571428571e+00    -1.796089348661773e-16     2.118442330870964e-17
    8.142857142857142e+00     1.790369392405300e-03    -2.509275480711088e-16
    8.142857142857142e+00    -1.844373766078190e-16     2.107456234697465e-17
    8.214285714285714e+00     1.925790988137994e-03    -2.592565765557191e-16
    8.214285714285714e+00    -1.890893436010316e-16     2.098252735360756e-17
    8.285714285714285e+00     2.072471222124223e-03    -2.676530359704136e-16
    8.285714285714285e+00    -1.936608688667497e-16     2.083882805507046e-17
    8.357142857142856e+00     2.231391267487717e-03    -2.760945703413099e-16
    8.357142857142856e+00    -1.979828063661486e-16     2.071241101630689e-17
    8.428571428571429e+00     2.403633472553423e-03    -2.846471202516062e-16
    8.428571428571429e+00    -2.022032352658004e-16     2.057349301400081e-17
    8.500000000000000e+00     2.590393586647808e-03    -2.933106834362498e-16
    8.500000000000000e+00    -2.062159687845979e-16     2.044106643149498e-17
    8.571428571428571e+00     2.792994791744115e-03    -3.020206786104967e-16
    8.571428571428571e+00    -2.101304869521080e-16     2.038853909546007e-17
    8.642857142857142e+00     3.012903856189348e-03    -3.108219345515631e-16
    8.642857142857142e+00    -2.138613634349215e-16     2.031796457825520e-17
    8.714285714285714e+00     3.251749787223566e-03    -3.197914186218064e-16
    8.714285714285714e+00    -2.174846780540511e-16     2.018076880320888e-17
    8.785714285714285e+00     3.511345437293956e-03    -3.288725359301652e-16
    8.785714285714285e+00    -2.209108292761607e-16     2.021764176400160e-17
    8.857142857142856e+00     3.793712616916718e-03    -3.380537859955416e-16
    8.857142857142856e+00    -2.242540680366979e-16     2.020564810201079e-17
    8.928571428571429e+00     4.101111382438766e-03    -3.473572770060640e-16
    8.928571428571429e+00    -2.271738077098085e-16     2.010402814917834e-17
    9.000000000000000e+00     4.436074319974382e-03    -3.567704260419001e-16
    9.000000000000000e+00    -2.299981956828940e-16     2.016026251258648e-17
    9.071428571428571e+00     4.801446827738675e-03    -3.662909679178433e-16
    9.071428571428571e+00    -2.328559592023111e-16     2.003995006432402e-17
    9.142857142857142e+00     5.200434636423596e-03    -3.758705232779747e-16
    9.142857142857142e+00    -2.354512523909293e-16     2.025426005264806e-17
    9.214285714285714e+00     5.636660102668760e-03    -3.857422319582012e-16
    9.214285714285714e+00    -2.377888535677909e-16     2.013080017717936e-17
    9.285714285714285e+00     6.114229185542270e-03    -3.957120712102449e-16
    9.285714285714285e+00    -2.401640458915705e-16     2.039968309506423e-17
    9.357142857142856e+00     6.637811504498042e-03    -4.058262978485360e-16
    9.357142857142856e+00    -2.424817919245814e-16     2.035529133812639e-17
    9.428571428571429e+00     7.212736495019694e-03    -4.160837654128756e-16
    9.428571428571429e+00    -2.441372530127159e-16     2.030226092163975e-17
    9.500000000000000e+00     7.845109494679843e-03    -4.264894653248484e-16
    9.500000000000000e+00    -2.460611560353427e-16     2.072712410842013e-17
    9.571428571428571e+00     8.541952650345009e-03    -4.368832062372730e-16
    9.571428571428571e+00    -2.476492538142901e-16     2.068034815273268e-17
    9.642857142857142e+00     9.311376939855669e-03    -4.473609570408037e-16
    9.642857142857142e+00    -2.491030731253499e-16     2.115140466331758e-17
    9.714285714285714e+00     1.016279346589964e-02    -4.580618987673459e-16
    9.714285714285714e+00    -2.503226464788501e-16     2.152188721352356e-17
    9.785714285714285e+00     1.110717468827853e-02    -4.687513543455026e-16
    9.785714285714285e+00    -2.515534000245210e-16     2.192093443937499e-17
    9.857142857142856e+00     1.215737965290812e-02    -4.796436245231960e-16
    9.857142857142856e+00    -2.528694576600296e-16     2.233112219449956e-17
    9.928571428571429e+00     1.332856194085917e-02    -4.903744108530774e-16
    9.928571428571429e+00    -2.533595887824420e-16     2.305348341753059e-17
    1.000000000000000e+01     1.463868551011627e-02    -5.010548325892786e-16
    1.000000000000000e+01    -2.538114811163622e-16     2.414786837116258e-17
    1.007142857142857e+01     1.610918265494660e-02    -5.118375725341661e-16
    1.007142857142857e+01    -2.542057306970311e-16     2.485098280308691e-17
    1.014285714285714e+01     1.776580115732441e-02    -5.220817137038073e-16
    1.014285714285714e+01    -2.550216752859433e-16     2.529211816349067e-17
    1.021428571428571e+01     1.963970619379873e-02    -5.328253009678186e-16
    1.021428571428571e+01    -2.546694827053771e-16     2.568551316191441e-17
    1.028571428571428e+01     2.176892953635773e-02    -5.431537834862149e-16
    1.028571428571428e+01    -2.552121320279814e-16     2.685462185673897e-17
    1.035714285714286e+01     2.420029851999649e-02    -5.534892870653672e-16
    1.035714285714286e+01    -2.553097258767308e-16     2.752455156328628e-17
    1.042857142857143e+01     2.699203729328641e-02    -5.640019705655126e-16
    1.042857142857143e+01    -2.545160128616856e-16     2.887633803866923e-17
    1.050000000000000e+01     3.021732456536230e-02    -5.734589271160966e-16
    1.050000000000000e+01    -2.544320392380640e-16     3.059811238331404e-17
    1.057142857142857e+01     3.396923444759778e-02    -5.835768863153761e-16
    1.057142857142857e+01    -2.535962593470079e-16     3.138071098430416e-17
    1.064285714285714e+01     3.836771180513364e-02    -5.924899879236613e-16
    1.064285714285714e+01    -2.514261407761661e-16     3.367369099412208e-17
    1.071428571428571e+01     4.356959476614868e-02    -6.015462549113856e-16
    1.071428571428571e+01    -2.496235628149898e-16     3.551643397625776e-17
    1.078571428571428e+01     4.978328787944414e-02    -6.103009597038715e-16
    1.078571428571428e+01    -2.471455515325625e-16     3.678203044690734e-17
    1.085714285714286e+01     5.729067392544984e-02    -6.184608225829404e-16
    1.085714285714286e+01    -2.447006892721246e-16     3.879534339204713e-17
    1.092857142857143e+01     6.648052489666464e-02    -6.258956229506721e-16
    1.092857142857143e+01    -2.404587983224385e-16     4.303246631826507e-17
    1.100000000000000e+01     7.790057304780487e-02    -6.335072652108156e-16
    1.100000000000000e+01    -2.372083092574184e-16     4.531662636979615e-17
    1.107142857142857e+01     9.234054587901572e-02    -6.411156698851411e-16
    1.107142857142857e+01    -2.373647377753528e-16     4.700376267855862e-17
    1.114285714285714e+01     1.109678168869919e-01    -6.488891927663914e-16
    1.114285714285714e+01    -2.295730940977004e-16     5.061971748557990e-17
    1.121428571428571e+01     1.355548015870586e-01    -6.544139452274368e-16
    1.121428571428571e+01    -2.247075658744403e-16     5.538101146616336e-17
    1.128571428571428e+01     1.688710081258612e-01    -6.556077566264257e-16
    1.128571428571428e+01    -2.198347196219505e-16     6.579993756543126e-17
    1.135714285714286e+01     2.153806084175075e-01    -6.536738289851575e-16
    1.135714285714286e+01    -2.039015815974550e-16     8.135020858466133e-17
    1.142857142857143e+01     2.825300590777590e-01    -6.493723739515276e-16
    1.142857142857143e+01    -1.975216823515583e-16     9.450396674722897e-17
    1.150000000000000e+01     3.832336425613020e-01    -6.390388555699931e-16
    1.150000000000000e+01    -1.904545598586057e-16     1.206735990805784e-16
    1.157142857142857e+01     5.409533911296166e-01    -6.375529131117823e-16
    1.157142857142857e+01    -1.606456040321962e-16     1.208043527394041e-16
    1.164285714285714e+01     8.009044665097872e-01    -5.957763457480679e-16
    1.164285714285714e+01    -1.470630780774008e-16     1.527246845974262e-16
    1.171428571428571e+01     1.257545864812160e+00    -5.375753155229057e-16
    1.171428571428571e+01    -1.144790959117666e-16     2.034118901018710e-16
    1.178571428571428e+01     2.133310157938387e+00    -4.311314570291047e-16
    1.178571428571428e+01    -1.385325957376130e-16     2.761114758277921e-16
    1.185714285714286e+01     4.064668324927172e+00    -1.920653223175878e-16
    1.185714285714286e+01    -6.239440669412860e-17     2.899549411934717e-16
    1.192857142857143e+01     9.666962015035892e+00     2.079480141367468e-16
    1.192857142857143e+01    -1.326374710100894e-16     6.297515816476077e-16
