    0.000000000000000e+00     3.612884101035405e+00    -9.256615777311103e-13
    0.000000000000000e+00     1.363691068538357e-17    -6.656003304829084e-16
    1.250000000000000e-01     8.884305108340702e-01    -9.226214849361588e-13
    1.250000000000000e-01     1.571166995412178e-17    -6.660029174047400e-16
    2.500000000000000e-01     4.405240394462814e-01    -9.133152301422313e-13
    2.500000000000000e-01     1.592027295445060e-17    -6.612635252833776e-16
    3.750000000000000e-01     2.706461698092072e-01    -8.981290276906561e-13
    3.750000000000000e-01     1.520301151896381e-17    -6.605022955145933e-16
    5.000000000000000e-01     1.845508701947668e-01    -8.776798973506856e-13
    5.000000000000000e-01     1.400195260299723e-17    -6.572754292710812e-16
    6.250000000000000e-01     1.338404031594670e-01    -8.526987175636327e-13
    6.250000000000000e-01     1.285210373865645e-17    -6.540893941502948e-16
    7.500000000000000e-01     1.010944027506805e-01    -8.239522584779904e-13
    7.500000000000000e-01     1.397382124962023e-17    -6.518653784615519e-16
    8.750000000000000e-01     7.859622453425073e-02    -7.921997605885144e-13
    8.750000000000000e-01     1.333987811713849e-17    -6.465346322103254e-16
    1.000000000000000e+00     6.243405302405812e-02    -7.581606670979854e-13
    1.000000000000000e+00     1.621717640604345e-17    -6.411878699016519e-16
    1.125000000000000e+00     5.042721284707077e-02    -7.224972597544113e-13
    1.125000000000000e+00     1.396068488099862e-17    -6.370223059354706e-16
    1.250000000000000e+00     4.127110974137780e-02    -6.858076709794597e-13
    1.250000000000000e+00     1.362922723452927e-17    -6.314769733202371e-16
    1.375000000000000e+00     3.414147324656964e-02    -6.486179302188534e-13
    1.375000000000000e+00     1.496219035247138e-17    -6.262066377133321e-16
    1.500000000000000e+00     2.849436220776742e-02    -6.113814243412722e-13
    1.500000000000000e+00     1.566899280228186e-17    -6.183564788245620e-16
    1.625000000000000e+00     2.395786041747864e-02    -5.744848980780761e-13
    1.625000000000000e+00     1.635506970981809e-17    -6.112844421796241e-16
    1.750000000000000e+00     2.027005343593126e-02    -5.382496032911305e-13
    1.750000000000000e+00     1.682109572174253e-17    -6.036512963636324e-16
    1.875000000000000e+00     1.724183205644242e-02    -5.029354176585664e-13
    1.875000000000000e+00     1.742619425432764e-17    -5.959070193497923e-16
    2.000000000000000e+00     1.473370352540808e-02    -4.687507371256179e-13
    2.000000000000000e+00     1.806695760483324e-17    -5.870980868902587e-16
    2.125000000000000e+00     1.264085025687562e-02    -4.358545010273279e-13
    2.125000000000000e+00     1.831018359693163e-17    -5.772389282936702e-16
    2.250000000000000e+00     1.088322466433174e-02    -4.043639985532910e-13
    2.250000000000000e+00     1.995576875201832e-17    -5.674633709179804e-16
    2.375000000000000e+00     9.398817586963629e-03    -3.743598304112655e-13
    2.375000000000000e+00     2.031491496821719e-17    -5.570648885272397e-16
    2.500000000000000e+00     8.138982421483447e-03    -3.458907589086425e-13
    2.500000000000000e+00     2.111739146537898e-17    -5.460119992686931e-16
    2.625000000000000e+00     7.065123543628175e-03    -3.189795066681466e-13
    2.625000000000000e+00     2.220560169372673e-17    -5.340984507917423e-16
    2.750000000000000e+00     6.146309884589898e-03    -2.936260425532099e-13
    2.750000000000000e+00     2.306022128811009e-17    -5.214800687269664e-16
    2.875000000000000e+00     5.357528098141756e-03    -2.698125836237817e-13
    2.875000000000000e+00     2.394158181160265e-17    -5.082943594473976e-16
    3.000000000000000e+00     4.678385653505732e-03    -2.475057993422239e-13
    3.000000000000000e+00     2.492845941660810e-17    -4.943179393587706e-16
    3.125000000000000e+00     4.092135461793164e-03    -2.266610306046756e-13
    3.125000000000000e+00     2.611763360025029e-17    -4.800481427273423e-16
    3.250000000000000e+00     3.584933609949129e-03    -2.072241812755810e-13
    3.250000000000000e+00     2.701450331528386e-17    -4.650733878959570e-16
    3.375000000000000e+00     3.145268337560575e-03    -1.891342485448220e-13
    3.375000000000000e+00     2.803327230203284e-17    -4.494571369348891e-16
    3.500000000000000e+00     2.763516348468005e-03    -1.723251198142287e-13
    3.500000000000000e+00     2.906511597605372e-17    -4.330818136257642e-16
    3.625000000000000e+00     2.431594879584726e-03    -1.567274469255095e-13
    3.625000000000000e+00     2.998697618648455e-17    -4.161584560638539e-16
    3.750000000000000e+00     2.142686538882502e-03    -1.422693390321624e-13
    3.750000000000000e+00     3.096073646004613e-17    -3.987870539326749e-16
    3.875000000000000e+00     1.891019987916286e-03    -1.288788885335363e-13
    3.875000000000000e+00     3.187212439884950e-17    -3.807015727877663e-16
    4.000000000000000e+00     1.671693877357306e-03    -1.164826491105878e-13
    4.000000000000000e+00     3.277360516543129e-17    -3.621180075821992e-16
    4.125000000000000e+00     1.480534576179102e-03    -1.050094570896050e-13
    4.125000000000000e+00     3.364214822926553e-17    -3.428881918533129e-16
    4.250000000000000e+00     1.313980523579027e-03    -9.438765899207644e-14
    4.250000000000000e+00     3.453324426785826e-17    -3.231089063241675e-16
    4.375000000000000e+00     1.168987721598288e-03    -8.454861535218129e-14
    4.375000000000000e+00     3.536864608128789e-17    -3.028685610631737e-16
    4.500000000000000e+00     1.042952144721914e-03    -7.542420343443241e-14
    4.500000000000000e+00     3.616489251272372e-17    -2.821283226408977e-16
    4.625000000000000e+00     9.336457887987147e-04    -6.694946976488768e-14
    4.625000000000000e+00     3.684965866415408e-17    -2.608668559870240e-16
    4.750000000000000e+00     8.391637991411230e-04    -5.906050428229052e-14
    4.750000000000000e+00     3.754928482257762e-17    -2.392314770621772e-16
    4.875000000000000e+00     7.578806664949149e-04    -5.169658157703302e-14
    4.875000000000000e+00     3.820005126627097e-17    -2.171731571050409e-16
    5.000000000000000e+00     6.884139029176111e-04    -4.479791275538600e-14
    5.000000000000000e+00     3.878067123454983e-17    -1.947097539799293e-16
    5.125000000000000e+00     6.295939389494775e-04    -3.830789700911126e-14
    5.125000000000000e+00     3.928430140208203e-17    -1.719068163899319e-16
    5.250000000000000e+00     5.804392419574376e-04    -3.217051501303636e-14
    5.250000000000000e+00     3.973953730873687e-17    -1.487778445373264e-16
    5.375000000000000e+00     5.401358603538002e-04    -2.633272837963029e-14
    5.375000000000000e+00     4.013560895014512e-17    -1.253983378580251e-16
    5.500000000000000e+00     5.080207624182317e-04    -2.074178943871515e-14
    5.500000000000000e+00     4.044476449012380e-17    -1.017952421635682e-16
    5.625000000000000e+00     4.835684714169679e-04    -1.534721464680590e-14
    5.625000000000000e+00     4.069277974177340e-17    -7.801017481011850e-17
    5.750000000000000e+00     4.663806080883455e-04    -1.009877748288895e-14
    5.750000000000000e+00     4.085585889077135e-17    -5.408007184803683e-17
    5.875000000000000e+00     4.561780431412521e-04    -4.947616661555019e-15
    5.875000000000000e+00     4.095293624582049e-17    -3.004720989688098e-17
    6.000000000000000e+00     4.527954407817408e-04     1.550051308888877e-16
    6.000000000000000e+00     4.098194339907183e-17    -5.956602997325844e-18
    6.125000000000000e+00     4.561780431601355e-04     5.257319260228880e-15
    6.125000000000000e+00     4.093366570946896e-17     1.812148852300864e-17
    6.250000000000000e+00     4.663806081220943e-04     1.040762634270645e-14
    6.250000000000000e+00     4.078453863237535e-17     4.220090239584804e-17
    6.375000000000000e+00     4.835684714585128e-04     1.565466139346099e-14
    6.375000000000000e+00     4.059361459789288e-17     6.619794335332287e-17
    6.500000000000000e+00     5.080207624590520e-04     2.104720526608832e-14
    6.500000000000000e+00     4.030296137755081e-17     9.007357969429093e-17
    6.625000000000000e+00     5.401358603858007e-04     2.663564415754406e-14
    6.625000000000000e+00     3.997513579070281e-17     1.137601191642904e-16
    6.750000000000000e+00     5.804392419749627e-04     3.247031425192842e-14
    6.750000000000000e+00     3.954476632104719e-17     1.372503952682951e-16
    6.875000000000000e+00     6.295939389507188e-04     3.860412687596073e-14
    6.875000000000000e+00     3.904085491122800e-17     1.605127971533557e-16
    7.000000000000000e+00     6.884139029048300e-04     4.509004469216632e-14
    7.000000000000000e+00     3.849771968993919e-17     1.834613172318497e-16
    7.125000000000000e+00     7.578806664742713e-04     5.198416186090222e-14
    7.125000000000000e+00     3.785796455194037e-17     2.060997742508471e-16
    7.250000000000000e+00     8.391637991208477e-04     5.934310790566091e-14
    7.250000000000000e+00     3.720253194881289e-17     2.284012154994885e-16
    7.375000000000000e+00     9.336457887871362e-04     6.722663001651799e-14
    7.375000000000000e+00     3.647811364039977e-17     2.502644984261950e-16
    7.500000000000000e+00     1.042952144724964e-03     7.569557224244699e-14
    7.500000000000000e+00     3.569858403974146e-17     2.717304690796588e-16
    7.625000000000000e+00     1.168987721617613e-03     8.481380897473327e-14
    7.625000000000000e+00     3.485767469340448e-17     2.927014993919842e-16
    7.750000000000000e+00     1.313980523610841e-03     9.464632973471824e-14
    7.750000000000000e+00     3.396872057531409e-17     3.132480987426458e-16
    7.875000000000000e+00     1.480534576214911e-03     1.052613442597631e-13
    7.875000000000000e+00     3.302058956655459e-17     3.332618463266962e-16
    8.000000000000000e+00     1.671693877386005e-03     1.167274062785424e-13
    8.000000000000000e+00     3.204240784825569e-17     3.527221401251900e-16
    8.125000000000000e+00     1.891019987927565e-03     1.291163050092884e-13
    8.125000000000000e+00     3.109425288565647e-17     3.716139292454775e-16
    8.250000000000000e+00     2.142686538870486e-03     1.424992352647463e-13
    8.250000000000000e+00     3.003270751600106e-17     3.900161367742968e-16
    8.375000000000000e+00     2.431594879550920e-03     1.569495900911021e-13
    8.375000000000000e+00     2.901480392260302e-17     4.077500293701682e-16
    8.500000000000000e+00     2.763516348422017e-03     1.725393925875177e-13
    8.500000000000000e+00     2.791715702240652e-17     4.249698209712296e-16
    8.625000000000000e+00     3.145268337517880e-03     1.893405535379410e-13
    8.625000000000000e+00     2.680623729334475e-17     4.413938174952712e-16
    8.750000000000000e+00     3.584933609925961e-03     2.074224338359568e-13
    8.750000000000000e+00     2.567596966469053e-17     4.573410164298762e-16
    8.875000000000000e+00     4.092135461799319e-03     2.268511522471110e-13
    8.875000000000000e+00     2.461791277701965e-17     4.727264270012838e-16
    9.000000000000000e+00     4.678385653538642e-03     2.476875978004688e-13
    9.000000000000000e+00     2.339763749391710e-17     4.874692075720591e-16
    9.125000000000000e+00     5.357528098185573e-03     2.699862086397636e-13
    9.125000000000000e+00     2.251276831927311e-17     5.014791571417002e-16
    9.250000000000000e+00     6.146309884622001e-03     2.937913325609886e-13
    9.250000000000000e+00     2.110430030093098e-17     5.149445179157308e-16
    9.375000000000000e+00     7.065123543633790e-03     3.191364338007604e-13
    9.375000000000000e+00     1.980937969371989e-17     5.277283804648086e-16
    9.500000000000000e+00     8.138982421470022e-03     3.460393411012900e-13
    9.500000000000000e+00     1.869061076617505e-17     5.396131511487690e-16
    9.625000000000000e+00     9.398817586961768e-03     3.745001864310361e-13
    9.625000000000000e+00     1.744490455112898e-17     5.515396641369090e-16
    9.750000000000000e+00     1.088322466436818e-02     4.044965100516730e-13
    9.750000000000000e+00     1.613442050521160e-17     5.629328452588891e-16
    9.875000000000000e+00     1.264085025693136e-02     4.359788158669597e-13
    9.875000000000000e+00     1.520958592813945e-17     5.732939098156356e-16
    1.000000000000000e+01     1.473370352544099e-02     4.688668026491563e-13
    1.000000000000000e+01     1.393267002211150e-17     5.827198120360385e-16
    1.012500000000000e+01     1.724183205653523e-02     5.030433682465348e-13
    1.012500000000000e+01     1.261899493369010e-17     5.915937689682376e-16
    1.025000000000000e+01     2.027005343580112e-02     5.383493722647129e-13
    1.025000000000000e+01     1.141506819056769e-17     6.003622748026359e-16
    1.037500000000000e+01     2.395786041757011e-02     5.745779313090152e-13
    1.037500000000000e+01     9.526087145700898e-18     6.087526040937623e-16
    1.050000000000000e+01     2.849436220771334e-02     6.114665732059285e-13
    1.050000000000000e+01     8.505315835808878e-18     6.161966320904781e-16
    1.062500000000000e+01     3.414147324648335e-02     6.486955456335138e-13
    1.062500000000000e+01     7.634015728348091e-18     6.224569866863371e-16
    1.075000000000000e+01     4.127110974134440e-02     6.858775495179467e-13
    1.075000000000000e+01     6.752964604258430e-18     6.288662495406360e-16
    1.087500000000000e+01     5.042721284708906e-02     7.225600878304894e-13
    1.087500000000000e+01     4.174462034409763e-18     6.344542484268671e-16
    1.100000000000000e+01     6.243405302411304e-02     7.582154755208999e-13
    1.100000000000000e+01     2.704147675345514e-18     6.376175763043098e-16
    1.112500000000000e+01     7.859622453430315e-02     7.922478562628312e-13
    1.112500000000000e+01     1.389291326204075e-18     6.436018699567237e-16
    1.125000000000000e+01     1.010944027507276e-01     8.239944922696551e-13
    1.125000000000000e+01    -1.000164316983741e-18     6.481613952474176e-16
    1.137500000000000e+01     1.338404031594855e-01     8.527342458584213e-13
    1.137500000000000e+01    -1.970414582053237e-18     6.547431404582063e-16
    1.150000000000000e+01     1.845508701947705e-01     8.777074321485053e-13
    1.150000000000000e+01    -2.967466950031433e-18     6.568320177631843e-16
    1.162500000000000e+01     2.706461698091887e-01     8.981501621307882e-13
    1.162500000000000e+01    -6.264575697697282e-18     6.613038926686590e-16
    1.175000000000000e+01     4.405240394462880e-01     9.133279532930189e-13
    1.175000000000000e+01    -8.586244707727658e-18     6.663030711205256e-16
    1.187500000000000e+01     8.884305108340890e-01     9.226302776346852e-13
    1.187500000000000e+01    -1.009433391402100e-17     6.679292908261237e-16
