    0.000000000000000e+00     2.538301081561829e+00     4.534157879139786e-14
    0.000000000000000e+00    -3.560891600426332e-17    -2.261476578823093e-15
    3.333333333333333e-01     4.814595232672578e-01     4.430144955174093e-14
    3.333333333333333e-01    -2.724630327864377e-17    -2.271500589310237e-15
    6.666666666666666e-01     1.873616904769074e-01     4.205417275546750e-14
    6.666666666666666e-01    -2.073705187408071e-17    -2.277373715324128e-15
    1.000000000000000e+00     9.177928779014920e-02     3.858551173288381e-14
    1.000000000000000e+00    -1.366423674516674e-17    -2.282014069849604e-15
    1.333333333333333e+00     5.055210152197386e-02     3.425131655629126e-14
    1.333333333333333e+00    -1.154681018304269e-17    -2.283783713820129e-15
    1.666666666666667e+00     2.993026859303283e-02     2.948523792959998e-14
    1.666666666666667e+00    -8.597288581269403e-18    -2.282058519495029e-15
    2.000000000000000e+00     1.861550183801646e-02     2.466924769992507e-14
    2.000000000000000e+00    -7.753729174854333e-18    -2.274485095969207e-15
    2.333333333333333e+00     1.199739780771678e-02     2.008904034978242e-14
    2.333333333333333e+00    -8.102482010952350e-18    -2.263116874643387e-15
    2.666666666666667e+00     7.940113163900005e-03     1.593129450753800e-14
    2.666666666666667e+00    -9.336004563938710e-18    -2.245700926559018e-15
    3.000000000000000e+00     5.362039754773243e-03     1.229551619154469e-14
    3.000000000000000e+00    -1.103374671845452e-17    -2.221237976368938e-15
    3.333333333333333e+00     3.677638251608578e-03     9.214333864976059e-15
    3.333333333333333e+00    -1.383116327884631e-17    -2.187925922825943e-15
    3.666666666666667e+00     2.552834105785371e-03     6.673923499941651e-15
    3.666666666666667e+00    -1.736584146594871e-17    -2.143778628483884e-15
    4.000000000000000e+00     1.788716185463215e-03     4.632268963572129e-15
    4.000000000000000e+00    -2.175932147467948e-17    -2.086556660389087e-15
    4.333333333333333e+00     1.262594765996699e-03     3.033163734931515e-15
    4.333333333333333e+00    -2.690618472431855e-17    -2.014006589609039e-15
    4.666666666666666e+00     8.965357235853440e-04     1.815804045430762e-15
    4.666666666666666e+00    -3.277203346340937e-17    -1.923988394424240e-15
    5.000000000000000e+00     6.398109363473221e-04     9.208828129933402e-16
    5.000000000000000e+00    -3.928865411985244e-17    -1.814625033394923e-15
    5.333333333333333e+00     4.587332106519692e-04     2.939792274555716e-16
    5.333333333333333e+00    -4.625340594687441e-17    -1.684373103576351e-15
    5.666666666666666e+00     3.305706352846890e-04    -1.131757271934944e-16
    5.666666666666666e+00    -5.342125981222050e-17    -1.532365392867675e-15
    6.000000000000000e+00     2.397965564757368e-04    -3.425009447505923e-16
    6.000000000000000e+00    -6.052758293339396e-17    -1.358461373654417e-15
    6.333333333333333e+00     1.757210206356604e-04    -4.301939758743108e-16
    6.333333333333333e+00    -6.727255964577023e-17    -1.163419992954489e-15
    6.666666666666666e+00     1.309645166963904e-04    -4.076140012121158e-16
    6.666666666666666e+00    -7.335164907811138e-17    -9.489624203427732e-16
    7.000000000000000e+00     1.004605752387830e-04    -3.022482824765046e-16
    7.000000000000000e+00    -7.845075741452131e-17    -7.177326558343082e-16
    7.333333333333333e+00     8.080061291329664e-05    -1.386563989337770e-16
    7.333333333333333e+00    -8.230412378392494e-17    -4.732525835767256e-16
    7.666666666666666e+00     6.980805635250962e-05     6.073715469078910e-17
    7.666666666666666e+00    -8.470584078202137e-17    -2.197587738961058e-16
    8.000000000000000e+00     6.627316403488558e-05     2.749530269321775e-16
    8.000000000000000e+00    -8.551592702583547e-17     3.800700858789545e-17
    8.333333333333332e+00     6.980805634446060e-05     4.838676191925578e-16
    8.333333333333332e+00    -8.469153246717085e-17     2.950592545604215e-16
    8.666666666666666e+00     8.080061287924095e-05     6.676586821059102e-16
    8.666666666666666e+00    -8.227520447346147e-17     5.464567494228973e-16
    9.000000000000000e+00     1.004605752206549e-04     8.062158844705082e-16
    9.000000000000000e+00    -7.840178180909887e-17     7.875679075090756e-16
    9.333333333333332e+00     1.309645167165085e-04     8.784781371183267e-16
    9.333333333333332e+00    -7.327805660707196e-17     1.014342407205763e-15
    9.666666666666666e+00     1.757210206624893e-04     8.616229131993988e-16
    9.666666666666666e+00    -6.716570726039737e-17     1.223469605672015e-15
    1.000000000000000e+01     2.397965564720071e-04     7.301282454930350e-16
    1.000000000000000e+01    -6.037119785300294e-17     1.412575465226163e-15
    1.033333333333333e+01     3.305706352700105e-04     4.546487511825215e-16
    1.033333333333333e+01    -5.319177295011818e-17     1.580196636371449e-15
    1.066666666666667e+01     4.587332106462389e-04     9.480777137524372e-19
    1.066666666666667e+01    -4.593437286069716e-17     1.725854426986695e-15
    1.100000000000000e+01     6.398109363335842e-04    -6.711899039521416e-16
    1.100000000000000e+01    -3.887986776097220e-17     1.849909116002155e-15
    1.133333333333333e+01     8.965357235661426e-04    -1.608617840315604e-15
    1.133333333333333e+01    -3.220898700565794e-17     1.953425900054545e-15
    1.166666666666667e+01     1.262594766028342e-03    -2.864663736454660e-15
    1.166666666666667e+01    -2.606554611404161e-17     2.038064944914669e-15
    1.200000000000000e+01     1.788716185479461e-03    -4.498027096294095e-15
    1.200000000000000e+01    -2.063214592366574e-17     2.105814921968366e-15
    1.233333333333333e+01     2.552834105790583e-03    -6.569182914593884e-15
    1.233333333333333e+01    -1.577685531663476e-17     2.158905674328230e-15
    1.266666666666667e+01     3.677638251583532e-03    -9.134294652618803e-15
    1.266666666666667e+01    -1.169909478603838e-17     2.199506099847232e-15
    1.300000000000000e+01     5.362039754739817e-03    -1.223586555350204e-14
    1.300000000000000e+01    -8.184048802091137e-18     2.229742837165431e-15
    1.333333333333333e+01     7.940113163872350e-03    -1.588774565755519e-14
    1.333333333333333e+01    -5.318284230611005e-18     2.251757559072216e-15
    1.366666666666667e+01     1.199739780772509e-02    -2.005836698984048e-14
    1.366666666666667e+01    -2.654030264446560e-18     2.266901926999961e-15
    1.400000000000000e+01     1.861550183802651e-02    -2.464853915753483e-14
    1.400000000000000e+01     2.360260833836959e-19     2.276892007383785e-15
    1.433333333333333e+01     2.993026859304175e-02    -2.947239739452963e-14
    1.433333333333333e+01     2.896734883620519e-18     2.281713719777381e-15
    1.466666666666667e+01     5.055210152196608e-02    -3.424398933099760e-14
    1.466666666666667e+01     6.627613237195096e-18     2.282940056421173e-15
    1.500000000000000e+01     9.177928779015034e-02    -3.858075374164416e-14
    1.500000000000000e+01     9.419438927188814e-18     2.280951099756594e-15
    1.533333333333333e+01     1.873616904769128e-01    -4.205141274105340e-14
    1.533333333333333e+01     1.078833170976334e-17     2.278906838454298e-15
    1.566666666666667e+01     4.814595232672670e-01    -4.430136273841392e-14
    1.566666666666667e+01     2.041893312726551e-17     2.269790294931094e-15
