    0.000000000000000e+00     6.322547176811955e+00    -9.326192636155008e-13
    0.000000000000000e+00    -1.658287754203803e-18    -2.204795694197930e-16
    7.142857142857142e-02     1.620673229042851e+00    -9.315445701367603e-13
    7.142857142857142e-02    -3.158497517198756e-18    -2.200478780073717e-16
    1.428571428571428e-01     8.381357111489314e-01    -9.283096798775900e-13
    1.428571428571428e-01    -2.633649906208934e-18    -2.203080723314000e-16
    2.142857142857143e-01     5.364303883757028e-01    -9.229729411170388e-13
    2.142857142857143e-01    -5.506757506852278e-18    -2.228879289912146e-16
    2.857142857142857e-01     3.805812346510843e-01    -9.156209691819507e-13
    2.857142857142857e-01    -3.904130754328837e-18    -2.173991710319230e-16
    3.571428571428571e-01     2.868634154172791e-01    -9.063717661290176e-13
    3.571428571428571e-01    -3.251451064801199e-18    -2.198677947645178e-16
    4.285714285714285e-01     2.250136841000115e-01    -8.953442357228909e-13
    4.285714285714285e-01    -2.355903279647092e-18    -2.205550444376653e-16
    5.000000000000000e-01     1.815548301178771e-01    -8.826797136620135e-13
    5.000000000000000e-01    -1.014571592693022e-18    -2.171964128234074e-16
    5.714285714285714e-01     1.496109772734412e-01    -8.685266015557203e-13
    5.714285714285714e-01    -2.185743670999220e-18    -2.187958051457735e-16
    6.428571428571428e-01     1.253207784134829e-01    -8.530329017731024e-13
    6.428571428571428e-01     7.138589615072096e-19    -2.186206244951168e-16
    7.142857142857142e-01     1.063551632244739e-01    -8.363428148916309e-13
    7.142857142857142e-01     1.175046730813354e-18    -2.155915816958291e-16
    7.857142857142857e-01     9.122945112987971e-02    -8.186033833878130e-13
    7.857142857142857e-01    -4.927637695952659e-19    -2.140511667030735e-16
    8.571428571428571e-01     7.895462337141503e-02    -7.999576448590852e-13
    8.571428571428571e-01    -2.448385376337779e-18    -2.139703016524145e-16
    9.285714285714285e-01     6.884777307815895e-02    -7.805383852877173e-13
    9.285714285714285e-01    -6.541748665264857e-19    -2.107741539160038e-16
    1.000000000000000e+00     6.042309388742607e-02    -7.604796447122269e-13
    1.000000000000000e+00    -9.234856822094051e-19    -2.111880921401410e-16
    1.071428571428571e+00     5.332619191213100e-02    -7.399023253784112e-13
    1.071428571428571e+00     1.885048366649438e-18    -2.090233290307978e-16
    1.142857142857143e+00     4.729291951100539e-02    -7.189216855370824e-13
    1.142857142857143e+00     1.749611979181868e-18    -2.089402048843439e-16
    1.214285714285714e+00     4.212269902630132e-02    -6.976472368082776e-13
    1.214285714285714e+00     2.121090958602801e-18    -2.087215378035101e-16
    1.285714285714286e+00     3.766073003755274e-02    -6.761777815241675e-13
    1.285714285714286e+00     2.129260711781385e-18    -2.069513941342996e-16
    1.357142857142857e+00     3.378581955610472e-02    -6.546071137643143e-13
    1.357142857142857e+00     3.716640860576287e-18    -2.065297407310415e-16
    1.428571428571428e+00     3.040187209522611e-02    -6.330165325035830e-13
    1.428571428571428e+00     3.269642469846848e-18    -2.048560978026386e-16
    1.500000000000000e+00     2.743182127349294e-02    -6.114853915397388e-13
    1.500000000000000e+00     3.838757245845639e-18    -2.021131455888042e-16
    1.571428571428571e+00     2.481322621344825e-02    -5.900821283903379e-13
    1.571428571428571e+00     4.127790197839861e-18    -2.016226669245774e-16
    1.642857142857143e+00     2.249502553562722e-02    -5.688695881681270e-13
    1.642857142857143e+00     3.632425836231343e-18    -1.995214681027374e-16
    1.714285714285714e+00     2.043511056523891e-02    -5.479030993307769e-13
    1.714285714285714e+00     4.427005116220955e-18    -1.973928582017571e-16
    1.785714285714286e+00     1.859848758356082e-02    -5.272318136750907e-13
    1.785714285714286e+00     4.344680388722718e-18    -1.955369455843885e-16
    1.857142857142857e+00     1.695586979282093e-02    -5.068997717494270e-13
    1.857142857142857e+00     4.668880241571103e-18    -1.944656371716714e-16
    1.928571428571428e+00     1.548258692359166e-02    -4.869433124663304e-13
    1.928571428571428e+00     4.526055541251008e-18    -1.929271302897783e-16
    2.000000000000000e+00     1.415773249650156e-02    -4.673960138797466e-13
    2.000000000000000e+00     5.184134282721228e-18    -1.904066669923457e-16
    2.071428571428571e+00     1.296349087858064e-02    -4.482848605844452e-13
    2.071428571428571e+00     5.400187787079000e-18    -1.889704336157908e-16
    2.142857142857143e+00     1.188460176192007e-02    -4.296331804568541e-13
    2.142857142857143e+00     5.288623260054259e-18    -1.864981009815226e-16
    2.214285714285714e+00     1.090793067869058e-02    -4.114594237907716e-13
    2.214285714285714e+00     5.645441974814607e-18    -1.851255561273362e-16
    2.285714285714286e+00     1.002212205778955e-02    -3.937778970292662e-13
    2.285714285714286e+00     5.616214474231550e-18    -1.832896959781391e-16
    2.357142857142857e+00     9.217317062341884e-03    -3.766008097516182e-13
    2.357142857142857e+00     5.805368458785320e-18    -1.811471061400274e-16
    2.428571428571428e+00     8.484922658768998e-03    -3.599358536963261e-13
    2.428571428571428e+00     6.389985389496857e-18    -1.785002302082948e-16
    2.500000000000000e+00     7.817421492562414e-03    -3.437883771502090e-13
    2.500000000000000e+00     6.161322991608840e-18    -1.766551523865424e-16
    2.571428571428571e+00     7.208214485667294e-03    -3.281608991460784e-13
    2.571428571428571e+00     6.284456984752120e-18    -1.739997019092373e-16
    2.642857142857143e+00     6.651489837985971e-03    -3.130540314933586e-13
    2.642857142857143e+00     6.739141175092733e-18    -1.719397621792642e-16
    2.714285714285714e+00     6.142113461908398e-03    -2.984654352120215e-13
    2.714285714285714e+00     7.084835408677235e-18    -1.693469604090491e-16
    2.785714285714286e+00     5.675536912297364e-03    -2.843912522339964e-13
    2.785714285714286e+00     7.065220749827992e-18    -1.670891221165272e-16
    2.857142857142857e+00     5.247719673515655e-03    -2.708263834264926e-13
    2.857142857142857e+00     7.353106573010122e-18    -1.646014887741577e-16
    2.928571428571428e+00     4.855063287279401e-03    -2.577639466795291e-13
    2.928571428571428e+00     7.562839603576668e-18    -1.618890063132572e-16
    3.000000000000000e+00     4.494355292705061e-03    -2.451953801234963e-13
    3.000000000000000e+00     7.763076867673996e-18    -1.590016025238101e-16
    3.071428571428571e+00     4.162721334360746e-03    -2.331115532267134e-13
    3.071428571428571e+00     7.978229550274195e-18    -1.566156005736378e-16
    3.142857142857143e+00     3.857584099029392e-03    -2.215021691948578e-13
    3.142857142857143e+00     8.142283607088022e-18    -1.537597821802829e-16
    3.214285714285714e+00     3.576627985037654e-03    -2.103560108606031e-13
    3.214285714285714e+00     8.369989401619522e-18    -1.507751052875248e-16
    3.285714285714286e+00     3.317768602928671e-03    -1.996615385476021e-13
    3.285714285714286e+00     8.499439312260248e-18    -1.480553617277200e-16
    3.357142857142857e+00     3.079126363310833e-03    -1.894059942396890e-13
    3.357142857142857e+00     8.691853358462728e-18    -1.450511494295392e-16
    3.428571428571428e+00     2.859003534852031e-03    -1.795769315258868e-13
    3.428571428571428e+00     8.990394121367428e-18    -1.421154737846833e-16
    3.500000000000000e+00     2.655864258786231e-03    -1.701608515420871e-13
    3.500000000000000e+00     9.239028922869918e-18    -1.390659171097225e-16
    3.571428571428571e+00     2.468317090750362e-03    -1.611444709362428e-13
    3.571428571428571e+00     9.412260214091651e-18    -1.359077177005897e-16
    3.642857142857143e+00     2.295099710036621e-03    -1.525140718309576e-13
    3.642857142857143e+00     9.476396830551386e-18    -1.327050465292478e-16
    3.714285714285714e+00     2.135065493382846e-03    -1.442558535151314e-13
    3.714285714285714e+00     9.785321776450241e-18    -1.293027430382527e-16
    3.785714285714286e+00     1.987171697574367e-03    -1.363560149685251e-13
    3.785714285714286e+00     9.809028585151054e-18    -1.262195079926392e-16
    3.857142857142857e+00     1.850469034248409e-03    -1.288005661496668e-13
    3.857142857142857e+00     1.017155637546637e-17    -1.227430266811277e-16
    3.928571428571428e+00     1.724092452862444e-03    -1.215757445743266e-13
    3.928571428571428e+00     1.027653617192473e-17    -1.193972300115294e-16
    4.000000000000000e+00     1.607252975000575e-03    -1.146677790111852e-13
    4.000000000000000e+00     1.046370135980878e-17    -1.157437491500105e-16
    4.071428571428571e+00     1.499230445999337e-03    -1.080630185738273e-13
    4.071428571428571e+00     1.059583240808275e-17    -1.123397333169288e-16
    4.142857142857142e+00     1.399367089055559e-03    -1.017479187599077e-13
    4.142857142857142e+00     1.078802770815540e-17    -1.086622088883464e-16
    4.214285714285714e+00     1.307061763156225e-03    -9.570920444737556e-14
    4.214285714285714e+00     1.095916346833616e-17    -1.050862427156163e-16
    4.285714285714286e+00     1.221764839858417e-03    -8.993365435385714e-14
    4.285714285714286e+00     1.111816128817092e-17    -1.012587439641475e-16
    4.357142857142857e+00     1.142973625561207e-03    -8.440834883200294e-14
    4.357142857142857e+00     1.123997779954062e-17    -9.764767440251626e-17
    4.428571428571428e+00     1.070228265793824e-03    -7.912062958238372e-14
    4.428571428571428e+00     1.132075061390773e-17    -9.373133506794828e-17
    4.500000000000000e+00     1.003108076479067e-03    -7.405782818967059e-14
    4.500000000000000e+00     1.149814354939511e-17    -9.002353883158006e-17
    4.571428571428571e+00     9.412282543466712e-04    -6.920784655414705e-14
    4.571428571428571e+00     1.164085894640254e-17    -8.600172689494247e-17
    4.642857142857142e+00     8.842369248640431e-04    -6.455849973468973e-14
    4.642857142857142e+00     1.174884100531248e-17    -8.221327377251267e-17
    4.714285714285714e+00     8.318124913799004e-04    -6.009813310444509e-14
    4.714285714285714e+00     1.187399852745786e-17    -7.808647781693226e-17
    4.785714285714286e+00     7.836612537729343e-04    -5.581503356765638e-14
    4.785714285714286e+00     1.198293594701216e-17    -7.423084851922631e-17
    4.857142857142857e+00     7.395152688743640e-04    -5.169806196187020e-14
    4.857142857142857e+00     1.210804662546944e-17    -7.004583507723229e-17
    4.928571428571428e+00     6.991304283834141e-04    -4.773596796551671e-14
    4.928571428571428e+00     1.223809790174720e-17    -6.610676702943066e-17
    5.000000000000000e+00     6.622847329973503e-04    -4.391797012678533e-14
    5.000000000000000e+00     1.231637727511779e-17    -6.185650266254484e-17
    5.071428571428571e+00     6.287767440972108e-04    -4.023341501202488e-14
    5.071428571428571e+00     1.239409191169294e-17    -5.784168039305634e-17
    5.142857142857142e+00     5.984241966246899e-04    -3.667182979147561e-14
    5.142857142857142e+00     1.249292071427182e-17    -5.358106939392817e-17
    5.214285714285714e+00     5.710627588001854e-04    -3.322297883604974e-14
    5.214285714285714e+00     1.257549388276337e-17    -4.945932724921428e-17
    5.285714285714286e+00     5.465449261098680e-04    -2.987678931830238e-14
    5.285714285714286e+00     1.265377697391549e-17    -4.514104756542442e-17
    5.357142857142857e+00     5.247390385612873e-04    -2.662336391392168e-14
    5.357142857142857e+00     1.270724025547327e-17    -4.096313682860835e-17
    5.428571428571428e+00     5.055284116063770e-04    -2.345295134678522e-14
    5.428571428571428e+00     1.278409292065980e-17    -3.661822962266119e-17
    5.500000000000000e+00     4.888105723792611e-04    -2.035599096131365e-14
    5.500000000000000e+00     1.283180756553115e-17    -3.235900578783369e-17
    5.571428571428571e+00     4.744965940197420e-04    -1.732298688283972e-14
    5.571428571428571e+00     1.286898359772664e-17    -2.798613269401485e-17
    5.642857142857142e+00     4.625105218672022e-04    -1.434460861056357e-14
    5.642857142857142e+00     1.290307622308045e-17    -2.369127539953416e-17
    5.714285714285714e+00     4.527888862330837e-04    -1.141160074541525e-14
    5.714285714285714e+00     1.294750132545428e-17    -1.932629414556119e-17
    5.785714285714286e+00     4.452802973077903e-04    -8.514787204271435e-15
    5.785714285714286e+00     1.296729270532832e-17    -1.499576208094365e-17
    5.857142857142857e+00     4.399451185407346e-04    -5.645084087941741e-15
    5.857142857142857e+00     1.298237120525742e-17    -1.060188874732074e-17
    5.928571428571428e+00     4.367552155650709e-04    -2.793400581286001e-15
    5.928571428571428e+00     1.300448074006129e-17    -6.243833351530915e-18
    6.000000000000000e+00     4.356937784304970e-04     4.923301841926314e-17
    6.000000000000000e+00     1.298895431106389e-17    -1.859852731413208e-18
    6.071428571428571e+00     4.367552155674138e-04     2.891848471871097e-15
    6.071428571428571e+00     1.298376683578355e-17     2.509995503932124e-18
    6.142857142857142e+00     4.399451185452865e-04     5.743439119487316e-15
    6.142857142857142e+00     1.297978587816698e-17     6.881783706880401e-18
    6.214285714285714e+00     4.452802973142167e-04     8.613001817807145e-15
    6.214285714285714e+00     1.296850632300868e-17     1.125536687951051e-17
    6.285714285714286e+00     4.527888862408394e-04     1.150962761736355e-14
    6.285714285714286e+00     1.294186835274437e-17     1.559042263307024e-17
    6.357142857142857e+00     4.625105218757621e-04     1.444239976108612e-14
    6.357142857142857e+00     1.290586460283055e-17     1.999570180304270e-17
    6.428571428571428e+00     4.744965940285572e-04     1.742047581188083e-14
    6.428571428571428e+00     1.287602031266748e-17     2.427972844310532e-17
    6.500000000000000e+00     4.888105723876722e-04     2.045314867370850e-14
    6.500000000000000e+00     1.281319321203653e-17     2.866802936387525e-17
    6.571428571428571e+00     5.055284116137861e-04     2.354971635972089e-14
    6.571428571428571e+00     1.276982155230640e-17     3.294636942849414e-17
    6.642857142857142e+00     5.247390385670933e-04     2.671967367835285e-14
    6.642857142857142e+00     1.272396568475712e-17     3.731533152190241e-17
    6.714285714285714e+00     5.465449261135653e-04     2.997261032791057e-14
    6.714285714285714e+00     1.264084012728741e-17     4.149745331627126e-17
    6.785714285714286e+00     5.710627588015242e-04     3.331826504082903e-14
    6.785714285714286e+00     1.255603732760914e-17     4.582302892360347e-17
    6.857142857142857e+00     5.984241966234997e-04     3.676651182270686e-14
    6.857142857142857e+00     1.247101507340227e-17     4.997533976477118e-17
    6.928571428571428e+00     6.287767440935325e-04     4.032745014740780e-14
    6.928571428571428e+00     1.237070633477588e-17     5.430126884558147e-17
    7.000000000000000e+00     6.622847329912936e-04     4.401132577946064e-14
    7.000000000000000e+00     1.229381504921360e-17     5.833115697841342e-17
    7.071428571428571e+00     6.991304283753469e-04     4.782857250233659e-14
    7.071428571428571e+00     1.222710355943094e-17     6.261400585688848e-17
    7.142857142857142e+00     7.395152688647771e-04     5.178987171643985e-14
    7.142857142857142e+00     1.209699531203104e-17     6.657428336733856e-17
    7.214285714285714e+00     7.836612537624431e-04     5.590603523693038e-14
    7.214285714285714e+00     1.202240254258413e-17     7.082179517588738e-17
    7.285714285714286e+00     8.318124913691694e-04     6.018825563806869e-14
    7.285714285714286e+00     1.191911650376270e-17     7.476447575198550e-17
    7.357142857142857e+00     8.842369248538301e-04     6.464769916686542e-14
    7.357142857142857e+00     1.180336816757918e-17     7.890481786088529e-17
    7.428571428571428e+00     9.412282543377081e-04     6.929614367646990e-14
    7.428571428571428e+00     1.164749340664365e-17     8.276632857539855e-17
    7.500000000000000e+00     1.003108076471998e-03     7.414515174788993e-14
    7.500000000000000e+00     1.153366003355674e-17     8.682530940197309e-17
    7.571428571428571e+00     1.070228265789210e-03     7.920691656557900e-14
    7.571428571428571e+00     1.142245742900307e-17     9.056319550703946e-17
    7.642857142857142e+00     1.142973625559544e-03     8.449360067563760e-14
    7.642857142857142e+00     1.126306526534546e-17     9.450270473667691e-17
    7.714285714285714e+00     1.221764839859961e-03     9.001781596893080e-14
    7.714285714285714e+00     1.112394246949826e-17     9.815243254779390e-17
    7.785714285714286e+00     1.307061763160937e-03     9.579219351303630e-14
    7.785714285714286e+00     1.096439880395853e-17     1.020668380762712e-16
    7.857142857142857e+00     1.399367089063258e-03     1.018297718831838e-13
    7.857142857142857e+00     1.079535532142652e-17     1.056324781781988e-16
    7.928571428571428e+00     1.499230446009549e-03     1.081436689597344e-13
    7.928571428571428e+00     1.065862226293671e-17     1.093831537224178e-16
    8.000000000000000e+00     1.607252975012623e-03     1.147472454188416e-13
    8.000000000000000e+00     1.048824213079224e-17     1.128991276791978e-16
    8.071428571428571e+00     1.724092452875546e-03     1.216540153025590e-13
    8.071428571428571e+00     1.031543728183535e-17     1.164898833557345e-16
    8.142857142857142e+00     1.850469034261646e-03     1.288775618374343e-13
    8.142857142857142e+00     1.016493759967685e-17     1.198943039153522e-16
    8.214285714285714e+00     1.987171697586791e-03     1.364316487234804e-13
    8.214285714285714e+00     1.002996546180616e-17     1.233571349252201e-16
    8.285714285714285e+00     2.135065493393487e-03     1.443302858858489e-13
    8.285714285714285e+00     9.890852033154023e-18     1.266506198986434e-16
    8.357142857142856e+00     2.295099710044798e-03     1.525870752507418e-13
    8.357142857142856e+00     9.786630753534263e-18     1.300041627844829e-16
    8.428571428571429e+00     2.468317090755495e-03     1.612162591361377e-13
    8.428571428571429e+00     9.486537674258704e-18     1.332088817309490e-16
    8.500000000000000e+00     2.655864258787933e-03     1.702311414369484e-13
    8.500000000000000e+00     9.388827830183695e-18     1.363834888521000e-16
    8.571428571428571e+00     2.859003534850247e-03     1.796458930321487e-13
    8.571428571428571e+00     9.210557502348088e-18     1.395032964046582e-16
    8.642857142857142e+00     3.079126363305735e-03     1.894735571599412e-13
    8.642857142857142e+00     9.143594108852276e-18     1.425106218066064e-16
    8.714285714285714e+00     3.317768602920765e-03     1.997277262732458e-13
    8.714285714285714e+00     8.793520497902787e-18     1.456181319186102e-16
    8.785714285714285e+00     3.576627985027799e-03     2.104209082773951e-13
    8.785714285714285e+00     8.726284353576999e-18     1.485279248242839e-16
    8.857142857142856e+00     3.857584099018581e-03     2.215655167877394e-13
    8.857142857142856e+00     8.575734694575452e-18     1.513704808644030e-16
    8.928571428571429e+00     4.162721334349959e-03     2.331735789735109e-13
    8.928571428571429e+00     8.331851098693142e-18     1.542509591751831e-16
    9.000000000000000e+00     4.494355292695547e-03     2.452559340297080e-13
    9.000000000000000e+00     8.038225038527704e-18     1.570900575504835e-16
    9.071428571428571e+00     4.855063287272028e-03     2.578230406204057e-13
    9.071428571428571e+00     8.144242350711813e-18     1.600489989046765e-16
    9.142857142857142e+00     5.247719673511030e-03     2.708841174423918e-13
    9.142857142857142e+00     7.959308320145763e-18     1.623154598490166e-16
    9.214285714285714e+00     5.675536912295710e-03     2.844476329035181e-13
    9.214285714285714e+00     7.636946350854331e-18     1.651449792270706e-16
    9.285714285714285e+00     6.142113461909432e-03     2.985201104378464e-13
    9.285714285714285e+00     7.636525040659202e-18     1.675226105897124e-16
    9.357142857142856e+00     6.651489837988997e-03     3.131073786127869e-13
    9.357142857142856e+00     7.337100559043075e-18     1.702081655820244e-16
    9.428571428571429e+00     7.208214485671137e-03     3.282129097980230e-13
    9.428571428571429e+00     6.924868989534410e-18     1.722606320802565e-16
    9.500000000000000e+00     7.817421492565750e-03     3.438388324581125e-13
    9.500000000000000e+00     6.775053387335220e-18     1.750168741201552e-16
    9.571428571428571e+00     8.484922658770195e-03     3.599848964134514e-13
    9.571428571428571e+00     6.820862671878840e-18     1.770877873165185e-16
    9.642857142857142e+00     9.217317062339574e-03     3.766484086844038e-13
    9.642857142857142e+00     6.938392823823205e-18     1.796377279114080e-16
    9.714285714285714e+00     1.002212205778274e-02     3.938241406431331e-13
    9.714285714285714e+00     6.416739884338093e-18     1.815898242194983e-16
    9.785714285714285e+00     1.090793067867912e-02     4.115039370945175e-13
    9.785714285714285e+00     6.553437861843254e-18     1.837165438593197e-16
    9.857142857142856e+00     1.188460176190477e-02     4.296764738056052e-13
    9.857142857142856e+00     6.685250515336099e-18     1.857080090086890e-16
    9.928571428571429e+00     1.296349087856345e-02     4.483270132073716e-13
    9.928571428571429e+00     6.236761232492018e-18     1.873914865693723e-16
    1.000000000000000e+01     1.415773249648510e-02     4.674369829857815e-13
    1.000000000000000e+01     5.900002919720704e-18     1.891956756892312e-16
    1.007142857142857e+01     1.548258692357926e-02     4.869826738337433e-13
    1.007142857142857e+01     5.664758356731497e-18     1.913868314257875e-16
    1.014285714285714e+01     1.695586979281505e-02     5.069373280413452e-13
    1.014285714285714e+01     5.838839518689248e-18     1.923737600506015e-16
    1.021428571428571e+01     1.859848758356324e-02     5.272682373403643e-13
    1.021428571428571e+01     5.568424848689297e-18     1.953627802631796e-16
    1.028571428571428e+01     2.043511056524918e-02     5.479379743432629e-13
    1.028571428571428e+01     5.337773920635211e-18     1.955515255740731e-16
    1.035714285714286e+01     2.249502553564190e-02     5.689036496439903e-13
    1.035714285714286e+01     4.871453927643719e-18     1.973638832555341e-16
    1.042857142857143e+01     2.481322621346209e-02     5.901143812249593e-13
    1.042857142857143e+01     4.616095938897007e-18     1.993357237793906e-16
    1.050000000000000e+01     2.743182127349982e-02     6.115167245979735e-13
    1.050000000000000e+01     4.704895763711201e-18     2.011861848746365e-16
    1.057142857142857e+01     3.040187209522384e-02     6.330466025526861e-13
    1.057142857142857e+01     4.437290316177076e-18     2.025354807868489e-16
    1.064285714285714e+01     3.378581955609738e-02     6.546348527146619e-13
    1.064285714285714e+01     4.715808900463001e-18     2.033140412529198e-16
    1.071428571428571e+01     3.766073003754832e-02     6.762053348461000e-13
    1.071428571428571e+01     4.772381999181747e-18     2.054237651198000e-16
    1.078571428571428e+01     4.212269902629360e-02     6.976736569968350e-13
    1.078571428571428e+01     4.882956828782206e-18     2.069996319027689e-16
    1.085714285714286e+01     4.729291951095794e-02     7.189462617271360e-13
    1.085714285714286e+01     4.350238363338327e-18     2.088998704257676e-16
    1.092857142857143e+01     5.332619191221212e-02     7.399249718037354e-13
    1.092857142857143e+01     3.129929639522670e-18     2.096811732544809e-16
    1.100000000000000e+01     6.042309388739238e-02     7.605008872181092e-13
    1.100000000000000e+01     4.161529003516493e-18     2.114069412738488e-16
    1.107142857142857e+01     6.884777307814616e-02     7.805587825715987e-13
    1.107142857142857e+01     4.167167660441645e-18     2.111460523157236e-16
    1.114285714285714e+01     7.895462337142400e-02     7.999764413692662e-13
    1.114285714285714e+01     2.992555457499034e-18     2.114919614624816e-16
    1.121428571428571e+01     9.122945112990001e-02     8.186221933053094e-13
    1.121428571428571e+01     2.723314816048148e-18     2.125512180410907e-16
    1.128571428571428e+01     1.063551632244948e-01     8.363583443997073e-13
    1.128571428571428e+01     1.741897587476353e-18     2.158256461611152e-16
    1.135714285714286e+01     1.253207784134976e-01     8.530465591961789e-13
    1.135714285714286e+01     3.681694612115992e-18     2.153197562203257e-16
    1.142857142857143e+01     1.496109772734477e-01     8.685416113250955e-13
    1.142857142857143e+01     9.792445753732091e-19     2.163864580090941e-16
    1.150000000000000e+01     1.815548301178774e-01     8.826938234642467e-13
    1.150000000000000e+01     1.301378359201279e-18     2.136817450967962e-16
    1.157142857142857e+01     2.250136841000074e-01     8.953534648313685e-13
    1.157142857142857e+01     2.120895053708015e-18     2.168557195448498e-16
    1.164285714285714e+01     2.868634154172705e-01     9.063799480977549e-13
    1.164285714285714e+01     3.410742628716018e-18     2.192404160691731e-16
    1.171428571428571e+01     3.805812346510780e-01     9.156318255242141e-13
    1.171428571428571e+01     1.608862928830907e-18     2.207090369957409e-16
    1.178571428571428e+01     5.364303883756985e-01     9.229799492412944e-13
    1.178571428571428e+01     2.798583618282195e-18     2.183867623660891e-16
    1.185714285714286e+01     8.381357111489329e-01     9.283113672384287e-13
    1.185714285714286e+01     5.075848517632945e-18     2.228785986726337e-16
    1.192857142857143e+01     1.620673229042856e+00     9.315444621876362e-13
    1.192857142857143e+01     1.428774262534738e-18     2.181710705409750e-16
