    0.000000000000000e+00     1.184540504728853e+01     4.101088816732217e-14
    0.000000000000000e+00     2.939465061412565e-17    -4.740609535306164e-15
    7.142857142857142e-02     2.887328228858692e+00     4.097096430987754e-14
    7.142857142857142e-02     1.222689186466317e-17    -4.722229756928925e-15
    1.428571428571428e-01     1.422072280608771e+00     4.087477100966425e-14
    1.428571428571428e-01     1.010790210344545e-17    -4.725588583501168e-15
    2.142857142857143e-01     8.702020902824739e-01     4.070754439864345e-14
    2.142857142857143e-01    -1.415586436017520e-18    -4.730871764475994e-15
    2.857142857142857e-01     5.927073469440891e-01     4.046731136745963e-14
    2.857142857142857e-01     5.903736109466200e-18    -4.722472544543054e-15
    3.571428571428571e-01     4.305749890683104e-01     4.016934927812219e-14
    3.571428571428571e-01     2.437634547049108e-18    -4.716933883827351e-15
    4.285714285714285e-01     3.266810983457504e-01     3.980928597007897e-14
    4.285714285714285e-01     3.022947372415410e-18    -4.705076620120051e-15
    5.000000000000000e-01     2.557909369520673e-01     3.939313380428069e-14
    5.000000000000000e-01    -2.230107389953561e-18    -4.688349723820009e-15
    5.714285714285714e-01     2.051578594097582e-01     3.892089772436621e-14
    5.714285714285714e-01    -5.573236649860430e-18    -4.682344863021464e-15
    6.428571428571428e-01     1.677073838084925e-01     3.838993110399061e-14
    6.428571428571428e-01    -9.190151961551013e-18    -4.674127582732280e-15
    7.142857142857142e-01     1.392291330593274e-01     3.780837438081523e-14
    7.142857142857142e-01    -1.183655314582021e-17    -4.667194296633211e-15
    7.857142857142857e-01     1.170786149835885e-01     3.717604940399418e-14
    7.857142857142857e-01    -1.056678634752122e-17    -4.660305749101701e-15
    8.571428571428571e-01     9.952212374746909e-02     3.649897878708047e-14
    8.571428571428571e-01    -1.901639631894579e-17    -4.646287498033712e-15
    9.285714285714285e-01     8.538262368292708e-02     3.577436868995210e-14
    9.285714285714285e-01    -1.812200378369405e-17    -4.637965744095120e-15
    1.000000000000000e+00     7.383740463511460e-02     3.501340967881300e-14
    1.000000000000000e+00    -1.833806169237916e-17    -4.623021198492800e-15
    1.071428571428571e+00     6.429705214118048e-02     3.421732855659670e-14
    1.071428571428571e+00    -2.240743345884417e-17    -4.606265868559688e-15
    1.142857142857143e+00     5.633022882482783e-02     3.338812194692162e-14
    1.142857142857143e+00    -2.212590890618139e-17    -4.590870952343729e-15
    1.214285714285714e+00     4.961538054414714e-02     3.252908059671751e-14
    1.214285714285714e+00    -2.353257436941651e-17    -4.572332971435335e-15
    1.285714285714286e+00     4.390884903162791e-02     3.164618011755463e-14
    1.285714285714286e+00    -2.568387372720811e-17    -4.554296222561639e-15
    1.357142857142857e+00     3.902329831292677e-02     3.074146217292163e-14
    1.357142857142857e+00    -2.821063412351481e-17    -4.534549070840342e-15
    1.428571428571428e+00     3.481280338756863e-02     2.981861792740967e-14
    1.428571428571428e+00    -2.905041456106981e-17    -4.514547338491995e-15
    1.500000000000000e+00     3.116234652372333e-02     2.888237391465712e-14
    1.500000000000000e+00    -3.266229885180449e-17    -4.492778188176994e-15
    1.571428571428571e+00     2.798029197357733e-02     2.793473108732677e-14
    1.571428571428571e+00    -3.464312400720929e-17    -4.469993532013611e-15
    1.642857142857143e+00     2.519291175647669e-02     2.698004021678070e-14
    1.642857142857143e+00    -3.642044438281099e-17    -4.445961572043501e-15
    1.714285714285714e+00     2.274034811342970e-02     2.601994295042669e-14
    1.714285714285714e+00    -3.814391089586954e-17    -4.421504814642911e-15
    1.785714285714286e+00     2.057359786201033e-02     2.505905617324120e-14
    1.785714285714286e+00    -4.001516818255092e-17    -4.395067726660762e-15
    1.857142857142857e+00     1.865223386089239e-02     2.409954694199241e-14
    1.857142857142857e+00    -4.272458854857987e-17    -4.367072164923961e-15
    1.928571428571428e+00     1.694266500119272e-02     2.314378452603896e-14
    1.928571428571428e+00    -4.565801258978330e-17    -4.337678672122119e-15
    2.000000000000000e+00     1.541679429154938e-02     2.219575271198761e-14
    2.000000000000000e+00    -4.768530869328258e-17    -4.306542020014686e-15
    2.071428571428571e+00     1.405097443527456e-02     2.125676750052283e-14
    2.071428571428571e+00    -5.021535930087125e-17    -4.274575902419971e-15
    2.142857142857143e+00     1.282518796924180e-02     2.032962830831652e-14
    2.142857142857143e+00    -5.215870134537242e-17    -4.240346404271740e-15
    2.214285714285714e+00     1.172239850903873e-02     1.941575000462069e-14
    2.214285714285714e+00    -5.416201306027171e-17    -4.205433389169344e-15
    2.285714285714286e+00     1.072803351666428e-02     1.851747886717294e-14
    2.285714285714286e+00    -5.644915049015242e-17    -4.168570070481857e-15
    2.357142857142857e+00     9.829568998322217e-03     1.763683415610389e-14
    2.357142857142857e+00    -5.892914643041293e-17    -4.129954999694978e-15
    2.428571428571428e+00     9.016193811072170e-03     1.677485199022730e-14
    2.428571428571428e+00    -6.176322564913518e-17    -4.089894323543503e-15
    2.500000000000000e+00     8.278536600157182e-03     1.593333371290680e-14
    2.500000000000000e+00    -6.426589120748070e-17    -4.048191615548604e-15
    2.571428571428571e+00     7.608442350728759e-03     1.511307587270791e-14
    2.571428571428571e+00    -6.701700533461140e-17    -4.005073901924201e-15
    2.642857142857143e+00     6.998788500533570e-03     1.431542629265610e-14
    2.642857142857143e+00    -6.985087708891289e-17    -3.959749917087067e-15
    2.714285714285714e+00     6.443332793653395e-03     1.354115679553126e-14
    2.714285714285714e+00    -7.238552380079673e-17    -3.913025352227882e-15
    2.785714285714286e+00     5.936586751908634e-03     1.279115961980053e-14
    2.785714285714286e+00    -7.501176025995257e-17    -3.864533613340141e-15
    2.857142857142857e+00     5.473709938419120e-03     1.206606515219373e-14
    2.857142857142857e+00    -7.780888583439640e-17    -3.813986921096402e-15
    2.928571428571428e+00     5.050421187509915e-03     1.136609295930238e-14
    2.928571428571428e+00    -8.064176045530520e-17    -3.761926589729260e-15
    3.000000000000000e+00     4.662923750158591e-03     1.069211364167620e-14
    3.000000000000000e+00    -8.347528729128711e-17    -3.707790727386902e-15
    3.071428571428571e+00     4.307841908721793e-03     1.004401382320617e-14
    3.071428571428571e+00    -8.641306373530723e-17    -3.651682163234218e-15
    3.142857142857143e+00     3.982167089035039e-03     9.421918251718481e-15
    3.142857142857143e+00    -8.933398110204138e-17    -3.594086302985260e-15
    3.214285714285714e+00     3.683211872288330e-03     8.826025321004019e-15
    3.214285714285714e+00    -9.224341078725514e-17    -3.534419770928578e-15
    3.285714285714286e+00     3.408570606047305e-03     8.256265161772327e-15
    3.285714285714286e+00    -9.509389845871859e-17    -3.472862820675004e-15
    3.357142857142857e+00     3.156085550615115e-03     7.712421630718146e-15
    3.357142857142857e+00    -9.810136175801499e-17    -3.409317354550405e-15
    3.428571428571428e+00     2.923817686742729e-03     7.194358460201516e-15
    3.428571428571428e+00    -1.011326581256796e-16    -3.343923610971057e-15
    3.500000000000000e+00     2.710021463556454e-03     6.701705529574290e-15
    3.500000000000000e+00    -1.041091626370945e-16    -3.276579803054482e-15
    3.571428571428571e+00     2.513122889241984e-03     6.234145852114831e-15
    3.571428571428571e+00    -1.071508570520337e-16    -3.207296900441396e-15
    3.642857142857143e+00     2.331700467528596e-03     5.791194387901801e-15
    3.642857142857143e+00    -1.100775140302984e-16    -3.136160110524408e-15
    3.714285714285714e+00     2.164468565041912e-03     5.372430010439682e-15
    3.714285714285714e+00    -1.130596677223704e-16    -3.063064107096886e-15
    3.785714285714286e+00     2.010262861814665e-03     4.977329303883922e-15
    3.785714285714286e+00    -1.161190035694276e-16    -2.988025201353698e-15
    3.857142857142857e+00     1.868027592557090e-03     4.605313982711294e-15
    3.857142857142857e+00    -1.190666418753601e-16    -2.911114512817765e-15
    3.928571428571428e+00     1.736804331972305e-03     4.255688241688344e-15
    3.928571428571428e+00    -1.219514700216195e-16    -2.832373475256704e-15
    4.000000000000000e+00     1.615722115279015e-03     3.927997012385164e-15
    4.000000000000000e+00    -1.248856670962085e-16    -2.751678564539961e-15
    4.071428571428571e+00     1.503988716618160e-03     3.621410007004842e-15
    4.071428571428571e+00    -1.276726624970032e-16    -2.669148639942286e-15
    4.142857142857142e+00     1.400882934333825e-03     3.335304643855157e-15
    4.142857142857142e+00    -1.305033177415273e-16    -2.584850476195753e-15
    4.214285714285714e+00     1.305747754162971e-03     3.068937971723281e-15
    4.214285714285714e+00    -1.333113087866741e-16    -2.498744970505060e-15
    4.285714285714286e+00     1.217984279897549e-03     2.821615116057089e-15
    4.285714285714286e+00    -1.360131911298797e-16    -2.410881251011719e-15
    4.357142857142857e+00     1.137046336706425e-03     2.592482530845201e-15
    4.357142857142857e+00    -1.386599968554871e-16    -2.321297785922559e-15
    4.428571428571428e+00     1.062435665518062e-03     2.380917354048648e-15
    4.428571428571428e+00    -1.412849643295463e-16    -2.230026277504661e-15
    4.500000000000000e+00     9.936976380757181e-04     2.186010091267091e-15
    4.500000000000000e+00    -1.438063625387898e-16    -2.137152986497623e-15
    4.571428571428571e+00     9.304174318158409e-04     2.007051888870583e-15
    4.571428571428571e+00    -1.462869740782645e-16    -2.042683591032018e-15
    4.642857142857142e+00     8.722166118592035e-04     1.843225372263322e-15
    4.642857142857142e+00    -1.486574668846253e-16    -1.946678265080957e-15
    4.714285714285714e+00     8.187500743701027e-04     1.693784327700744e-15
    4.714285714285714e+00    -1.509611102187599e-16    -1.849184399510603e-15
    4.785714285714286e+00     7.697033115176118e-04     1.557863382181886e-15
    4.785714285714286e+00    -1.531598151909236e-16    -1.750288655234599e-15
    4.857142857142857e+00     7.247899634170603e-04     1.434709483741123e-15
    4.857142857142857e+00    -1.552998462837171e-16    -1.650028603337890e-15
    4.928571428571428e+00     6.837496268720072e-04     1.323506660501445e-15
    4.928571428571428e+00    -1.573091238646655e-16    -1.548493826301013e-15
    5.000000000000000e+00     6.463458945805768e-04     1.223467358015040e-15
    5.000000000000000e+00    -1.592169044375698e-16    -1.445718388344818e-15
    5.071428571428571e+00     6.123646018093346e-04     1.133793682482437e-15
    5.071428571428571e+00    -1.610343736916003e-16    -1.341798797844713e-15
    5.142857142857142e+00     5.816122604447214e-04     1.053700783119359e-15
    5.142857142857142e+00    -1.627109219856944e-16    -1.236789716031601e-15
    5.214285714285714e+00     5.539146628750167e-04     9.823887194190663e-16
    5.214285714285714e+00    -1.642672645519059e-16    -1.130791644258069e-15
    5.285714285714286e+00     5.291156403840776e-04     9.190726612185922e-16
    5.285714285714286e+00    -1.657157437968927e-16    -1.023868244098068e-15
    5.357142857142857e+00     5.070759627023491e-04     8.629626365840863e-16
    5.357142857142857e+00    -1.670282970912649e-16    -9.161151336794426e-16
    5.428571428571428e+00     4.876723670971634e-04     8.132782394026283e-16
    5.428571428571428e+00    -1.682108194136346e-16    -8.076182742801670e-16
    5.500000000000000e+00     4.707967069270487e-04     7.692465194078794e-16
    5.500000000000000e+00    -1.692822433388320e-16    -6.984174775209669e-16
    5.571428571428571e+00     4.563552109656683e-04     7.300900924164361e-16
    5.571428571428571e+00    -1.701922506899203e-16    -5.886684489935921e-16
    5.642857142857142e+00     4.442678460393763e-04     6.950375886075996e-16
    5.642857142857142e+00    -1.709848609922702e-16    -4.784281948282840e-16
    5.714285714285714e+00     4.344677766470869e-04     6.633244674652190e-16
    5.714285714285714e+00    -1.716274383192729e-16    -3.677750774391674e-16
    5.785714285714286e+00     4.269009162557490e-04     6.341822917281382e-16
    5.785714285714286e+00    -1.721390247990704e-16    -2.568097668505780e-16
    5.857142857142857e+00     4.215255659079373e-04     6.068461551321413e-16
    5.857142857142857e+00    -1.724889234023247e-16    -1.456307094566995e-16
    5.928571428571428e+00     4.183121366579150e-04     5.805694578130222e-16
    5.928571428571428e+00    -1.727184789841634e-16    -3.432707550957903e-17
    6.000000000000000e+00     4.172429531773832e-04     5.545720645871710e-16
    6.000000000000000e+00    -1.727870543706126e-16     7.699905037015584e-17
    6.071428571428571e+00     4.183121366598696e-04     5.281172482290279e-16
    6.071428571428571e+00    -1.727112728954342e-16     1.882719019024723e-16
    6.142857142857142e+00     4.215255659118836e-04     5.004331991206684e-16
    6.142857142857142e+00    -1.725114481915945e-16     2.993657082407855e-16
    6.214285714285714e+00     4.269009162617997e-04     4.707876595465051e-16
    6.214285714285714e+00    -1.721493411163202e-16     4.102396730679765e-16
    6.285714285714286e+00     4.344677766553916e-04     4.384099494417726e-16
    6.285714285714286e+00    -1.716542367336759e-16     5.207674578135097e-16
    6.357142857142857e+00     4.442678460500287e-04     4.025355005042297e-16
    6.357142857142857e+00    -1.709993555002338e-16     6.308403670470339e-16
    6.428571428571428e+00     4.563552109789007e-04     3.624385195688489e-16
    6.428571428571428e+00    -1.702271689623367e-16     7.404078432053809e-16
    6.500000000000000e+00     4.707967069428871e-04     3.173454331461887e-16
    6.500000000000000e+00    -1.693109643740610e-16     8.493735978248532e-16
    6.571428571428571e+00     4.876723671155213e-04     2.665081649611912e-16
    6.571428571428571e+00    -1.682507959813697e-16     9.576306143872358e-16
    6.642857142857142e+00     5.070759627231568e-04     2.091605981715672e-16
    6.642857142857142e+00    -1.670820166528901e-16     1.065089369761425e-15
    6.714285714285714e+00     5.291156404069322e-04     1.445522652171203e-16
    6.714285714285714e+00    -1.657623151427741e-16     1.171687168826782e-15
    6.785714285714286e+00     5.539146628994520e-04     7.191475500311377e-17
    6.785714285714286e+00    -1.643313614878882e-16     1.277330474833220e-15
    6.857142857142857e+00     5.816122604699642e-04    -9.488487737812382e-18
    6.857142857142857e+00    -1.627690510747755e-16     1.381969364279709e-15
    6.928571428571428e+00     6.123646018343251e-04    -1.004386497446870e-16
    6.928571428571428e+00    -1.611013185437673e-16     1.485505561258706e-15
    7.000000000000000e+00     6.463458946041151e-04    -2.017131110559778e-16
    7.000000000000000e+00    -1.592917771126261e-16     1.587829251411979e-15
    7.071428571428571e+00     6.837496268925901e-04    -3.140573956615199e-16
    7.071428571428571e+00    -1.573878294921883e-16     1.688913747239931e-15
    7.142857142857142e+00     7.247899634331402e-04    -4.382265582356411e-16
    7.142857142857142e+00    -1.553580647883886e-16     1.788700396079058e-15
    7.214285714285714e+00     7.697033115275833e-04    -5.750177782410544e-16
    7.214285714285714e+00    -1.532741650285965e-16     1.887109679689602e-15
    7.285714285714286e+00     8.187500743725153e-04    -7.251627593735852e-16
    7.285714285714286e+00    -1.510772897891832e-16     1.984061138552353e-15
    7.357142857142857e+00     8.722166118528522e-04    -8.894280788697111e-16
    7.357142857142857e+00    -1.487674094076793e-16     2.079533971775811e-15
    7.428571428571428e+00     9.304174318001161e-04    -1.068643135290733e-15
    7.428571428571428e+00    -1.463849887969241e-16     2.173418923896881e-15
    7.500000000000000e+00     9.936976380506451e-04    -1.263475154876122e-15
    7.500000000000000e+00    -1.439253205946547e-16     2.265729909636050e-15
    7.571428571428571e+00     1.062435665484510e-03    -1.474705077358578e-15
    7.571428571428571e+00    -1.413610128668846e-16     2.356381725323857e-15
    7.642857142857142e+00     1.137046336665998e-03    -1.703095435020940e-15
    7.642857142857142e+00    -1.387773518304833e-16     2.445349179281997e-15
    7.714285714285714e+00     1.217984279852493e-03    -1.949397929347009e-15
    7.714285714285714e+00    -1.361262317883295e-16     2.532566701940315e-15
    7.785714285714286e+00     1.305747754116203e-03    -2.214271859221077e-15
    7.785714285714286e+00    -1.334112498545579e-16     2.618023006340664e-15
    7.857142857142857e+00     1.400882934288590e-03    -2.498523911027752e-15
    7.857142857142857e+00    -1.306803396660844e-16     2.701707845913624e-15
    7.928571428571428e+00     1.503988716577595e-03    -2.802800406802631e-15
    7.928571428571428e+00    -1.278941346848942e-16     2.783511124159773e-15
    8.000000000000000e+00     1.615722115245862e-03    -3.127823625518356e-15
    8.000000000000000e+00    -1.250321793700176e-16     2.863543624250988e-15
    8.071428571428571e+00     1.736804331948511e-03    -3.474172610704900e-15
    8.071428571428571e+00    -1.221336024968948e-16     2.941605320518804e-15
    8.142857142857142e+00     1.868027592543541e-03    -3.842624850822232e-15
    8.142857142857142e+00    -1.191720254164909e-16     3.017808289793979e-15
    8.214285714285714e+00     2.010262861811001e-03    -4.233600786802639e-15
    8.214285714285714e+00    -1.162460617970665e-16     3.092153705928477e-15
    8.285714285714285e+00     2.164468565046395e-03    -4.647847229425939e-15
    8.285714285714285e+00    -1.133270315588856e-16     3.164537715508194e-15
    8.357142857142856e+00     2.331700467538335e-03    -5.085720804612883e-15
    8.357142857142856e+00    -1.103087018568971e-16     3.235048487073752e-15
    8.428571428571429e+00     2.513122889253182e-03    -5.547972423274501e-15
    8.428571428571429e+00    -1.073447017087912e-16     3.303557848164350e-15
    8.500000000000000e+00     2.710021463565221e-03    -6.034767456006228e-15
    8.500000000000000e+00    -1.043306802303905e-16     3.370142549552184e-15
    8.571428571428571e+00     2.923817686745413e-03    -6.546715919102130e-15
    8.571428571428571e+00    -1.013553912640313e-16     3.434777079872754e-15
    8.642857142857142e+00     3.156085550609095e-03    -7.083975938670300e-15
    8.642857142857142e+00    -9.842652899764052e-17     3.497545777653283e-15
    8.714285714285714e+00     3.408570606031750e-03    -7.646941456086866e-15
    8.714285714285714e+00    -9.550900792249046e-17     3.558472323641249e-15
    8.785714285714285e+00     3.683211872264230e-03    -8.235799161978467e-15
    8.785714285714285e+00    -9.261407113458765e-17     3.617489119832304e-15
    8.857142857142856e+00     3.982167089005307e-03    -8.850618953783160e-15
    8.857142857142856e+00    -8.962942726057506e-17     3.674448679341808e-15
    8.928571428571429e+00     4.307841908690773e-03    -9.491419466889734e-15
    8.928571428571429e+00    -8.670648184903895e-17     3.729521124967646e-15
    9.000000000000000e+00     4.662923750130973e-03    -1.015809489592406e-14
    9.000000000000000e+00    -8.391020665309729e-17     3.782959115196517e-15
    9.071428571428571e+00     5.050421187489967e-03    -1.085066126273550e-14
    9.071428571428571e+00    -8.105196429244392e-17     3.834272146391024e-15
    9.142857142857142e+00     5.473709938409241e-03    -1.156861894783809e-14
    9.142857142857142e+00    -7.839890125508250e-17     3.884097836202128e-15
    9.214285714285714e+00     5.936586751908706e-03    -1.231160260999935e-14
    9.214285714285714e+00    -7.554693226024612e-17     3.932201057732728e-15
    9.285714285714285e+00     6.443332793660582e-03    -1.307936651361213e-14
    9.285714285714285e+00    -7.293672833267427e-17     3.978298530883477e-15
    9.357142857142856e+00     6.998788500542814e-03    -1.387108917206487e-14
    9.357142857142856e+00    -7.006253998063181e-17     4.022555357415635e-15
    9.428571428571429e+00     7.608442350733944e-03    -1.468599809620529e-14
    9.428571428571429e+00    -6.771653236490390e-17     4.065395739028433e-15
    9.500000000000000e+00     8.278536600152720e-03    -1.552323768426784e-14
    9.500000000000000e+00    -6.512980173094863e-17     4.106355873580123e-15
    9.571428571428571e+00     9.016193811054734e-03    -1.638151041270240e-14
    9.571428571428571e+00    -6.242866884924157e-17     4.145586927499175e-15
    9.642857142857142e+00     9.829568998291658e-03    -1.725983347068848e-14
    9.642857142857142e+00    -5.980692114147530e-17     4.183359309322263e-15
    9.714285714285714e+00     1.072803351662375e-02    -1.815680092546213e-14
    9.714285714285714e+00    -5.705951655170124e-17     4.219527459703417e-15
    9.785714285714285e+00     1.172239850899369e-02    -1.907069924360154e-14
    9.785714285714285e+00    -5.494437182090553e-17     4.254072318192983e-15
    9.857142857142856e+00     1.282518796919790e-02    -1.999975182258572e-14
    9.857142857142856e+00    -5.309229079848817e-17     4.287166132406253e-15
    9.928571428571429e+00     1.405097443523659e-02    -2.094211402500015e-14
    9.928571428571429e+00    -5.104127816079407e-17     4.319047002384371e-15
    1.000000000000000e+01     1.541679429152172e-02    -2.189638248384036e-14
    1.000000000000000e+01    -4.882381689999984e-17     4.349238563187205e-15
    1.007142857142857e+01     1.694266500118083e-02    -2.285879542412199e-14
    1.007142857142857e+01    -4.658442119991699e-17     4.378050133142589e-15
    1.014285714285714e+01     1.865223386090325e-02    -2.382791558152229e-14
    1.014285714285714e+01    -4.511651670857722e-17     4.405548736763899e-15
    1.021428571428571e+01     2.057359786204672e-02    -2.480105505907698e-14
    1.021428571428571e+01    -4.245826097839376e-17     4.432138970892980e-15
    1.028571428571428e+01     2.274034811347850e-02    -2.577582001480076e-14
    1.028571428571428e+01    -4.093481375570445e-17     4.455603382635451e-15
    1.035714285714286e+01     2.519291175650770e-02    -2.674909427601367e-14
    1.035714285714286e+01    -3.822724619781308e-17     4.479383097386270e-15
    1.042857142857143e+01     2.798029197358565e-02    -2.771755477301205e-14
    1.042857142857143e+01    -3.574685360296306e-17     4.502414682076272e-15
    1.050000000000000e+01     3.116234652377575e-02    -2.867806952487943e-14
    1.050000000000000e+01    -3.494247950106276e-17     4.522427944954695e-15
    1.057142857142857e+01     3.481280338746696e-02    -2.962706338277231e-14
    1.057142857142857e+01    -3.264833890652293e-17     4.542569618301520e-15
    1.064285714285714e+01     3.902329831299977e-02    -3.056224476018749e-14
    1.064285714285714e+01    -3.151280643975383e-17     4.560421976795783e-15
    1.071428571428571e+01     4.390884903146176e-02    -3.147935351402142e-14
    1.071428571428571e+01    -2.969886823274882e-17     4.577601135982443e-15
    1.078571428571428e+01     4.961538054422278e-02    -3.237312254811636e-14
    1.078571428571428e+01    -2.977648543407319e-17     4.596013970833015e-15
    1.085714285714286e+01     5.633022882487503e-02    -3.324276677177627e-14
    1.085714285714286e+01    -2.729342785281716e-17     4.609593481049275e-15
    1.092857142857143e+01     6.429705214110897e-02    -3.408327202113840e-14
    1.092857142857143e+01    -2.521007642251655e-17     4.625137460714155e-15
    1.100000000000000e+01     7.383740463511085e-02    -3.489171701682133e-14
    1.100000000000000e+01    -2.422374985077211e-17     4.638080124453703e-15
    1.107142857142857e+01     8.538262368293059e-02    -3.566441986642333e-14
    1.107142857142857e+01    -2.222728563520443e-17     4.651762414421086e-15
    1.114285714285714e+01     9.952212374753726e-02    -3.639653900213041e-14
    1.114285714285714e+01    -2.205295138705441e-17     4.665281479991595e-15
    1.121428571428571e+01     1.170786149836258e-01    -3.708425283154654e-14
    1.121428571428571e+01    -2.265836487480965e-17     4.675769345229355e-15
    1.128571428571428e+01     1.392291330593584e-01    -3.772695620154102e-14
    1.128571428571428e+01    -2.261316416877813e-17     4.684150632033812e-15
    1.135714285714286e+01     1.677073838084793e-01    -3.832100929781540e-14
    1.135714285714286e+01    -2.254987127856640e-17     4.695507748534379e-15
    1.142857142857143e+01     2.051578594097433e-01    -3.886222328016865e-14
    1.142857142857143e+01    -2.059357311151308e-17     4.705977540019533e-15
    1.150000000000000e+01     2.557909369520379e-01    -3.934566293825869e-14
    1.150000000000000e+01    -1.596902318214592e-17     4.713910903955872e-15
    1.157142857142857e+01     3.266810983457452e-01    -3.977356999506551e-14
    1.157142857142857e+01    -1.379628007761859e-17     4.719142721824144e-15
    1.164285714285714e+01     4.305749890683228e-01    -4.014689690327031e-14
    1.164285714285714e+01    -1.877685114012662e-17     4.717134718078256e-15
    1.171428571428571e+01     5.927073469441164e-01    -4.045307216156462e-14
    1.171428571428571e+01    -2.128793880782580e-17     4.726864004287523e-15
    1.178571428571428e+01     8.702020902824964e-01    -4.068663012004837e-14
    1.178571428571428e+01    -2.517045591941670e-17     4.732604451034879e-15
    1.185714285714286e+01     1.422072280608788e+00    -4.086790746356395e-14
    1.185714285714286e+01    -2.801375210615306e-17     4.730223263096047e-15
    1.192857142857143e+01     2.887328228858691e+00    -4.097228078014174e-14
    1.192857142857143e+01    -3.076640970991512e-17     4.740972659612998e-15
