    0.000000000000000e+00     1.335673109062986e+01    -2.072521917819448e-15
    0.000000000000000e+00     1.430035638699661e-16     2.424221533115078e-16
    1.250000000000000e-01     2.764462715673567e+00    -1.400098285084291e-15
    1.250000000000000e-01     1.290340516337708e-16     1.814005089629000e-16
    2.500000000000000e-01     1.171204745415576e+00    -9.003743018333641e-16
    2.500000000000000e-01     8.166588356452586e-17     1.587322379940905e-16
    3.750000000000000e-01     6.247625330221039e-01    -5.711101040319101e-16
    3.750000000000000e-01     8.274492076533503e-17     1.197412733921191e-16
    5.000000000000000e-01     3.755591632972545e-01    -3.688783060572448e-16
    5.000000000000000e-01     6.012222840735323e-17     8.716771418877273e-17
    6.250000000000000e-01     2.435789661866777e-01    -2.378696553217839e-16
    6.250000000000000e-01     5.398739012858765e-17     6.422319153990695e-17
    7.500000000000000e-01     1.667941573135731e-01    -1.560607199678576e-16
    7.500000000000000e-01     4.298253198244776e-17     5.289281237608472e-17
    8.750000000000000e-01     1.190717290055243e-01    -1.057458616753963e-16
    8.750000000000000e-01     3.475792668872216e-17     4.105718965251450e-17
    1.000000000000000e+00     8.788572941202265e-02    -7.164909891618455e-17
    1.000000000000000e+00     2.885690201077293e-17     3.568089529456443e-17
    1.125000000000000e+00     6.666811742849982e-02    -4.829460272637884e-17
    1.125000000000000e+00     2.288944687563739e-17     2.943367641633719e-17
    1.250000000000000e+00     5.173892242213345e-02    -3.389013347815806e-17
    1.250000000000000e+00     1.941691383698806e-17     2.458972265311751e-17
    1.375000000000000e+00     4.092786768591471e-02    -2.361040139382465e-17
    1.375000000000000e+00     1.697850443505387e-17     2.129950911273884e-17
    1.500000000000000e+00     3.290106922487587e-02    -1.699589478561528e-17
    1.500000000000000e+00     1.502486777899192e-17     1.851272736656507e-17
    1.625000000000000e+00     2.680995205112935e-02    -1.238269438853338e-17
    1.625000000000000e+00     1.270124687677075e-17     1.652390980364848e-17
    1.750000000000000e+00     2.209842255629051e-02    -8.905941236645329e-18
    1.750000000000000e+00     1.043472557866669e-17     1.497168651956230e-17
    1.875000000000000e+00     1.839238640458846e-02    -6.349529776528553e-18
    1.875000000000000e+00     9.560093874925227e-18     1.367460070046090e-17
    2.000000000000000e+00     1.543417885557274e-02    -4.868256076125404e-18
    2.000000000000000e+00     7.792512805682684e-18     1.275877840751251e-17
    2.125000000000000e+00     1.304246658177150e-02    -3.739403416183760e-18
    2.125000000000000e+00     7.090065794858027e-18     1.145317451625805e-17
    2.250000000000000e+00     1.108707919220041e-02    -2.877368481687197e-18
    2.250000000000000e+00     6.545859416610783e-18     1.074323604320479e-17
    2.375000000000000e+00     9.472842560188446e-03    -2.415634171053922e-18
    2.375000000000000e+00     5.611707331932015e-18     1.016049102111483e-17
    2.500000000000000e+00     8.128975487010292e-03    -1.933478809711947e-18
    2.500000000000000e+00     4.842982331336555e-18     9.821192866021010e-18
    2.625000000000000e+00     7.002000944770693e-03    -1.501859537846692e-18
    2.625000000000000e+00     4.192217779040429e-18     9.737529663488586e-18
    2.750000000000000e+00     6.050922070301639e-03    -1.262115267777327e-18
    2.750000000000000e+00     3.589117725000524e-18     9.416358797286501e-18
    2.875000000000000e+00     5.243884288326131e-03    -1.049117989765379e-18
    2.875000000000000e+00     3.122337175012086e-18     9.382692885122495e-18
    3.000000000000000e+00     4.555829209816244e-03    -8.531148940102584e-19
    3.000000000000000e+00     2.775666060464593e-18     9.440473463102080e-18
    3.125000000000000e+00     3.966820933726166e-03    -7.373689506403790e-19
    3.125000000000000e+00     2.468960968179733e-18     9.548765429268940e-18
    3.250000000000000e+00     3.460835081468803e-03    -5.792257345515505e-19
    3.250000000000000e+00     2.142746214470793e-18     9.729435615291945e-18
    3.375000000000000e+00     3.024870817654727e-03    -4.710172434409020e-19
    3.375000000000000e+00     1.850030528251247e-18     9.937721184579358e-18
    3.500000000000000e+00     2.648291384936097e-03    -4.145967044235147e-19
    3.500000000000000e+00     1.631758754707399e-18     1.023056292546303e-17
    3.625000000000000e+00     2.322328415698846e-03    -3.439910320281899e-19
    3.625000000000000e+00     1.424604974969049e-18     1.054049209197350e-17
    3.750000000000000e+00     2.039705084961363e-03    -3.066516457909133e-19
    3.750000000000000e+00     1.237796499315754e-18     1.084249838213319e-17
    3.875000000000000e+00     1.794346527440749e-03    -2.651068930308347e-19
    3.875000000000000e+00     1.090342348228066e-18     1.120773018856587e-17
    4.000000000000000e+00     1.581155064735469e-03    -2.386188395665689e-19
    4.000000000000000e+00     9.520587564481169e-19     1.157630544489168e-17
    4.125000000000000e+00     1.395834096582723e-03    -1.852668372506976e-19
    4.125000000000000e+00     8.211484044264522e-19     1.198489166848180e-17
    4.250000000000000e+00     1.234748918952108e-03    -1.603774784898971e-19
    4.250000000000000e+00     7.244868620301509e-19     1.233915991869792e-17
    4.375000000000000e+00     1.094815849858142e-03    -1.362702942473035e-19
    4.375000000000000e+00     6.282860804585252e-19     1.271097148426513e-17
    4.500000000000000e+00     9.734132714792445e-04    -1.270100870828948e-19
    4.500000000000000e+00     5.364596873445049e-19     1.309410271568635e-17
    4.625000000000000e+00     8.683098050189803e-04    -1.148147658300428e-19
    4.625000000000000e+00     4.679891245090325e-19     1.345503800004530e-17
    4.750000000000000e+00     7.776060085017123e-04    -1.022465485615624e-19
    4.750000000000000e+00     4.113978468676938e-19     1.378763707200744e-17
    4.875000000000000e+00     6.996868506683074e-04    -9.902740389121124e-20
    4.875000000000000e+00     3.573097455462884e-19     1.408875024243660e-17
    5.000000000000000e+00     6.331828572357606e-04    -9.468486594932527e-20
    5.000000000000000e+00     3.106405148416486e-19     1.438874106445638e-17
    5.125000000000000e+00     5.769383079676205e-04    -7.401714471594558e-20
    5.125000000000000e+00     2.481070993891787e-19     1.466678402336265e-17
    5.250000000000000e+00     5.299852284676871e-04    -6.223399436557923e-20
    5.250000000000000e+00     2.087227647834022e-19     1.489553809856634e-17
    5.375000000000000e+00     4.915222017939325e-04    -5.092101305213294e-20
    5.375000000000000e+00     1.640692547178125e-19     1.508988202805409e-17
    5.500000000000000e+00     4.608972417489003e-04    -3.530546531157856e-20
    5.500000000000000e+00     1.289212027661093e-19     1.525737231502689e-17
    5.625000000000000e+00     4.375941407023266e-04    -3.060027018965904e-20
    5.625000000000000e+00     9.621732911867350e-20     1.536942514751481e-17
    5.750000000000000e+00     4.212218413755694e-04    -2.268852276341148e-20
    5.750000000000000e+00     5.109982792050011e-20     1.544452013664143e-17
    5.875000000000000e+00     4.115064925343960e-04    -2.141859408481042e-20
    5.875000000000000e+00     2.655670120048968e-20     1.546700693714414e-17
    6.000000000000000e+00     4.082859411130264e-04    -6.912976809436830e-21
    6.000000000000000e+00    -6.738084373755858e-21     1.546067721343935e-17
    6.125000000000000e+00     4.115064925181430e-04     3.865120647363372e-21
    6.125000000000000e+00    -3.444720833648116e-20     1.540262268579353e-17
    6.250000000000000e+00     4.212218413761770e-04     1.592940603512768e-20
    6.250000000000000e+00    -7.258629634296626e-20     1.530327703907904e-17
    6.375000000000000e+00     4.375941407309583e-04     3.471012594150063e-20
    6.375000000000000e+00    -1.065376865329983e-19     1.516830161505110e-17
    6.500000000000000e+00     4.608972417867352e-04     4.087119995857142e-20
    6.500000000000000e+00    -1.485529271797487e-19     1.496459519067544e-17
    6.625000000000000e+00     4.915222018157393e-04     4.963111522180978e-20
    6.625000000000000e+00    -1.803597665802942e-19     1.473133400380776e-17
    6.750000000000000e+00     5.299852284368881e-04     6.034494240297323e-20
    6.750000000000000e+00    -2.187553004612294e-19     1.444674508481547e-17
    6.875000000000000e+00     5.769383079163062e-04     7.460298388716217e-20
    6.875000000000000e+00    -2.791704079708991e-19     1.413184535440166e-17
    7.000000000000000e+00     6.331828572032216e-04     8.445529557511008e-20
    7.000000000000000e+00    -3.250981140728581e-19     1.376095328999420e-17
    7.125000000000000e+00     6.996868506259820e-04     1.074154019540020e-19
    7.125000000000000e+00    -3.972703083126874e-19     1.335491712845526e-17
    7.250000000000000e+00     7.776060084750315e-04     1.221549752864901e-19
    7.250000000000000e+00    -4.600227691595977e-19     1.292662719332877e-17
    7.375000000000000e+00     8.683098049840223e-04     1.439667124492906e-19
    7.375000000000000e+00    -5.453972430826826e-19     1.245302945363968e-17
    7.500000000000000e+00     9.734132714125723e-04     1.737322822626009e-19
    7.500000000000000e+00    -6.048395429416411e-19     1.193569749955274e-17
    7.625000000000000e+00     1.094815849810984e-03     2.075283825127714e-19
    7.625000000000000e+00    -7.022508532095010e-19     1.139374465017972e-17
    7.750000000000000e+00     1.234748918919966e-03     2.210138128994146e-19
    7.750000000000000e+00    -7.928245255647513e-19     1.083180106834280e-17
    7.875000000000000e+00     1.395834096598560e-03     2.610703917747389e-19
    7.875000000000000e+00    -9.549033670741611e-19     1.027065739646841e-17
    8.000000000000000e+00     1.581155064758983e-03     2.850052753528750e-19
    8.000000000000000e+00    -1.050789231824755e-18     9.619910688497342e-18
    8.125000000000000e+00     1.794346527434995e-03     3.111406251879659e-19
    8.125000000000000e+00    -1.213402915903289e-18     8.969980751096915e-18
    8.250000000000000e+00     2.039705084940327e-03     3.497685398215577e-19
    8.250000000000000e+00    -1.354010131599319e-18     8.300290410034476e-18
    8.375000000000000e+00     2.322328415638666e-03     4.156049187111168e-19
    8.375000000000000e+00    -1.559786979088513e-18     7.631675157449969e-18
    8.500000000000000e+00     2.648291384900265e-03     4.857774044947845e-19
    8.500000000000000e+00    -1.852087918813147e-18     6.901036259686808e-18
    8.625000000000000e+00     3.024870817615295e-03     5.078513740030070e-19
    8.625000000000000e+00    -2.047944603439826e-18     6.165441142564207e-18
    8.750000000000000e+00     3.460835081448941e-03     6.251014199488821e-19
    8.750000000000000e+00    -2.406955020978641e-18     5.439084755126518e-18
    8.875000000000000e+00     3.966820933741108e-03     6.817999289970078e-19
    8.875000000000000e+00    -2.684227175801665e-18     4.528371946705293e-18
    9.000000000000000e+00     4.555829209817106e-03     8.324895569854714e-19
    9.000000000000000e+00    -3.141181700851350e-18     3.765636499433200e-18
    9.125000000000000e+00     5.243884288417675e-03     1.042827797523733e-18
    9.125000000000000e+00    -3.513574053995741e-18     3.108633831987329e-18
    9.250000000000000e+00     6.050922070318700e-03     1.267175081393986e-18
    9.250000000000000e+00    -3.932955109105753e-18     2.139145552175066e-18
    9.375000000000000e+00     7.002000944837702e-03     1.599639520087206e-18
    9.375000000000000e+00    -4.566145335890745e-18     1.118536587553102e-18
    9.500000000000000e+00     8.128975487055063e-03     1.904908633401879e-18
    9.500000000000000e+00    -5.254829436392672e-18     1.416796694284109e-19
    9.625000000000000e+00     9.472842560203714e-03     2.490791523128801e-18
    9.625000000000000e+00    -5.782511375354364e-18    -6.169045744080946e-19
    9.750000000000000e+00     1.108707919220511e-02     3.146556895924735e-18
    9.750000000000000e+00    -6.872110072826206e-18    -1.639022956446059e-18
    9.875000000000000e+00     1.304246658181079e-02     3.943484651383103e-18
    9.875000000000000e+00    -8.222020809959974e-18    -2.948366009441123e-18
    1.000000000000000e+01     1.543417885559453e-02     5.191198775378312e-18
    1.000000000000000e+01    -9.144252803130328e-18    -4.054179303432021e-18
    1.012500000000000e+01     1.839238640457351e-02     6.587325689941412e-18
    1.012500000000000e+01    -1.082506417941459e-17    -5.369197273512284e-18
    1.025000000000000e+01     2.209842255626629e-02     9.031651580876139e-18
    1.025000000000000e+01    -1.225277125614690e-17    -6.949624148069808e-18
    1.037500000000000e+01     2.680995205108003e-02     1.207630824824643e-17
    1.037500000000000e+01    -1.498461439861291e-17    -9.324908274944777e-18
    1.050000000000000e+01     3.290106922481439e-02     1.712151077280661e-17
    1.050000000000000e+01    -1.779054978517510e-17    -1.136982466896465e-17
    1.062500000000000e+01     4.092786768582845e-02     2.443545529938285e-17
    1.062500000000000e+01    -2.064527851482845e-17    -1.450292338098057e-17
    1.075000000000000e+01     5.173892242207180e-02     3.520559239426777e-17
    1.075000000000000e+01    -2.569772039142357e-17    -1.706382463735488e-17
    1.087500000000000e+01     6.666811742845695e-02     5.089654438780116e-17
    1.087500000000000e+01    -2.904088542366506e-17    -1.956592960139161e-17
    1.100000000000000e+01     8.788572941202739e-02     7.403966399991657e-17
    1.100000000000000e+01    -3.485442142194919e-17    -2.412554897081966e-17
    1.112500000000000e+01     1.190717290055307e-01     1.078247890361228e-16
    1.112500000000000e+01    -4.314902483555555e-17    -3.091722448356938e-17
    1.125000000000000e+01     1.667941573136144e-01     1.637718749293226e-16
    1.125000000000000e+01    -5.014581814431292e-17    -3.544949503094050e-17
    1.137500000000000e+01     2.435789661867019e-01     2.480291969675650e-16
    1.137500000000000e+01    -5.846026025578813e-17    -4.621144372399095e-17
    1.150000000000000e+01     3.755591632972921e-01     3.808801517425479e-16
    1.150000000000000e+01    -6.945840532987505e-17    -6.356057078806761e-17
    1.162500000000000e+01     6.247625330221248e-01     5.860310691651190e-16
    1.162500000000000e+01    -9.197100288569417e-17    -8.273910267959285e-17
    1.175000000000000e+01     1.171204745415604e+00     9.295587968525350e-16
    1.175000000000000e+01    -1.262391809857797e-16    -1.089467240722303e-16
    1.187500000000000e+01     2.764462715673579e+00     1.409815504952736e-15
    1.187500000000000e+01    -1.807302678414792e-16    -1.987460924680780e-16
