    0.000000000000000e+00     2.408589400690269e+00    -9.156600644678726e-13
    0.000000000000000e+00     4.226169851319996e-18    -1.458907054551128e-15
    1.875000000000000e-01     5.669990645677693e-01    -9.099007503489957e-13
    1.875000000000000e-01     4.680938924116029e-18    -1.461004613101052e-15
    3.750000000000000e-01     2.691384892865606e-01    -8.909465832966321e-13
    3.750000000000000e-01     5.505522581979713e-18    -1.457110346769202e-15
    5.625000000000000e-01     1.584529158443339e-01    -8.602572628679653e-13
    5.625000000000000e-01     8.964625014704968e-18    -1.448064610125195e-15
    7.500000000000000e-01     1.036208972979361e-01    -8.201419907916917e-13
    7.500000000000000e-01     1.283425068855669e-17    -1.439301348460768e-15
    9.375000000000000e-01     7.209850725705555e-02    -7.730878354567158e-13
    9.375000000000000e-01     1.577819336414232e-17    -1.427184996312272e-15
    1.125000000000000e+00     5.225203234272510e-02    -7.214449797408571e-13
    1.125000000000000e+00     1.795654322381451e-17    -1.412811766238989e-15
    1.312500000000000e+00     3.897002575163163e-02    -6.672780832581784e-13
    1.312500000000000e+00     2.181112016788147e-17    -1.396465095807696e-15
    1.500000000000000e+00     2.968493669566926e-02    -6.123075188163639e-13
    1.500000000000000e+00     2.396401158195602e-17    -1.375869974157621e-15
    1.687500000000000e+00     2.297946560230048e-02    -5.579101333460180e-13
    1.687500000000000e+00     2.709685999784256e-17    -1.352932279451745e-15
    1.875000000000000e+00     1.801436906558581e-02    -5.051349030645236e-13
    1.875000000000000e+00     3.108896089043341e-17    -1.327573937948481e-15
    2.062500000000000e+00     1.426495523929966e-02    -4.547476669948729e-13
    2.062500000000000e+00     3.449028263626765e-17    -1.299085112595826e-15
    2.250000000000000e+00     1.138868102487137e-02    -4.072693360655697e-13
    2.250000000000000e+00     3.813815483942882e-17    -1.266593917420577e-15
    2.437500000000000e+00     9.153897269542129e-03    -3.630221172688933e-13
    2.437500000000000e+00     4.193307422991559e-17    -1.232002754445190e-15
    2.625000000000000e+00     7.399311387973404e-03    -3.221653816538399e-13
    2.625000000000000e+00     4.541555890692274e-17    -1.194151006617236e-15
    2.812500000000000e+00     6.009840409522909e-03    -2.847351756779817e-13
    2.812500000000000e+00     4.894834947698729e-17    -1.152838858873994e-15
    3.000000000000000e+00     4.901659058429425e-03    -2.506711176926371e-13
    3.000000000000000e+00     5.284578948677883e-17    -1.108430794421424e-15
    3.187500000000000e+00     4.012629358944854e-03    -2.198443534862117e-13
    3.187500000000000e+00     5.651679762505974e-17    -1.060732463714097e-15
    3.375000000000000e+00     3.295996405302585e-03    -1.920767906198081e-13
    3.375000000000000e+00     6.027351325554869e-17    -1.009814869381006e-15
    3.562500000000000e+00     2.716130092233712e-03    -1.671593008405006e-13
    3.562500000000000e+00     6.396448783555910e-17    -9.555854748608231e-16
    3.750000000000000e+00     2.245584619042296e-03    -1.448622174016722e-13
    3.750000000000000e+00     6.755440595999401e-17    -8.979447049456219e-16
    3.937500000000000e+00     1.863028042051645e-03    -1.249489793112688e-13
    3.937500000000000e+00     7.112179642451222e-17    -8.372757488246159e-16
    4.125000000000000e+00     1.551759220627060e-03    -1.071788502621159e-13
    4.125000000000000e+00     7.437702656026690e-17    -7.734961072353296e-16
    4.312500000000000e+00     1.298629460122496e-03    -9.131679242915931e-14
    4.312500000000000e+00     7.766150033523644e-17    -7.068536621888943e-16
    4.500000000000000e+00     1.093248249383270e-03    -7.713277348968281e-14
    4.500000000000000e+00     8.058794578094140e-17    -6.375863225268832e-16
    4.687500000000000e+00     9.273919673647843e-04    -6.440676407354540e-14
    4.687500000000000e+00     8.328184733055736e-17    -5.655484610506528e-16
    4.875000000000000e+00     7.945600717424678e-04    -5.292858554578829e-14
    4.875000000000000e+00     8.572101909198889e-17    -4.913997501545287e-16
    5.062500000000000e+00     6.896402692905369e-04    -4.249742684552929e-14
    5.062500000000000e+00     8.782724231181568e-17    -4.150264350715727e-16
    5.250000000000000e+00     6.086556417113241e-04    -3.292324723450435e-14
    5.250000000000000e+00     8.959540249445158e-17    -3.370321746126567e-16
    5.437500000000000e+00     5.485746026229691e-04    -2.402330850617887e-14
    5.437500000000000e+00     9.099046660743671e-17    -2.574630478330696e-16
    5.625000000000000e+00     5.071701178043004e-04    -1.562323219429520e-14
    5.625000000000000e+00     9.199478414316144e-17    -1.768256305921252e-16
    5.812500000000000e+00     4.829186229674410e-04    -7.553458085446104e-15
    5.812500000000000e+00     9.261086597866554e-17    -9.538419229535587e-17
    6.000000000000000e+00     4.749320443138413e-04     3.512204744682771e-16
    6.000000000000000e+00     9.279873247912200e-17    -1.353373309439425e-17
    6.187500000000000e+00     4.829186229786061e-04     8.254331176762187e-15
    6.187500000000000e+00     9.257388475104561e-17     6.836688608349991e-17
    6.375000000000000e+00     5.071701178184756e-04     1.631944300937887e-14
    6.375000000000000e+00     9.196700972511963e-17     1.500003466980717e-16
    6.562500000000000e+00     5.485746026297086e-04     2.471174604655980e-14
    6.562500000000000e+00     9.091964191950103e-17     2.309275446386377e-16
    6.750000000000000e+00     6.086556417056474e-04     3.360108077524494e-14
    6.750000000000000e+00     8.950458333299256e-17     3.108992313360457e-16
    6.937500000000000e+00     6.896402692767663e-04     4.316177712824757e-14
    6.937500000000000e+00     8.770355972150132e-17     3.894253399478718e-16
    7.125000000000000e+00     7.945600717312358e-04     5.357688813224631e-14
    7.125000000000000e+00     8.555780068363737e-17     4.663971913884294e-16
    7.312500000000000e+00     9.273919673644482e-04     6.503672562540165e-14
    7.312500000000000e+00     8.315871935741444e-17     5.412529219264069e-16
    7.500000000000000e+00     1.093248249392548e-03     7.774204480399284e-14
    7.500000000000000e+00     8.037813192027076e-17     6.140288326324093e-16
    7.687500000000000e+00     1.298629460131034e-03     9.190374848873454e-14
    7.687500000000000e+00     7.741605293066806e-17     6.841718802411472e-16
    7.875000000000000e+00     1.551759220625012e-03     1.077416854430671e-13
    7.875000000000000e+00     7.420131245861180e-17     7.518487896049630e-16
    8.062500000000000e+00     1.863028042040535e-03     1.254864513734192e-13
    8.062500000000000e+00     7.075040784903972e-17     8.165118137338012e-16
    8.250000000000000e+00     2.245584619034144e-03     1.453732132775352e-13
    8.250000000000000e+00     6.731419522109317e-17     8.782092139952917e-16
    8.437500000000000e+00     2.716130092234914e-03     1.676428443010246e-13
    8.437500000000000e+00     6.362156277059286e-17     9.367038893031393e-16
    8.625000000000000e+00     3.295996405302611e-03     1.925325467065867e-13
    8.625000000000000e+00     5.997179990516054e-17     9.921403925504864e-16
    8.812500000000000e+00     4.012629358937296e-03     2.202717876231050e-13
    8.812500000000000e+00     5.613533876867557e-17     1.044259288126038e-15
    9.000000000000000e+00     4.901659058435338e-03     2.510700684061993e-13
    9.000000000000000e+00     5.232583413808830e-17     1.093041691595242e-15
    9.187500000000000e+00     6.009840409521496e-03     2.851057566339960e-13
    9.187500000000000e+00     4.862510136979385e-17     1.138546098405876e-15
    9.375000000000000e+00     7.399311388008342e-03     3.225076911619377e-13
    9.375000000000000e+00     4.483659315277737e-17     1.181037776477481e-15
    9.562500000000000e+00     9.153897269523214e-03     3.633362703541148e-13
    9.562500000000000e+00     4.138903882814881e-17     1.219822370571005e-15
    9.750000000000000e+00     1.138868102488811e-02     4.075560705637971e-13
    9.750000000000000e+00     3.768634798144155e-17     1.256484320522215e-15
    9.937500000000000e+00     1.426495523929277e-02     4.550074152016466e-13
    9.937500000000000e+00     3.400481512249478e-17     1.288430590305909e-15
    1.012500000000000e+01     1.801436906554701e-02     5.053682017712480e-13
    1.012500000000000e+01     3.042522893094576e-17     1.317945553268089e-15
    1.031250000000000e+01     2.297946560227530e-02     5.581182477930630e-13
    1.031250000000000e+01     2.678918739355868e-17     1.344621517264429e-15
    1.050000000000000e+01     2.968493669565051e-02     6.124905546587532e-13
    1.050000000000000e+01     2.352367900008189e-17     1.367648083991071e-15
    1.068750000000000e+01     3.897002575163173e-02     6.674360142435041e-13
    1.068750000000000e+01     1.994331883363959e-17     1.389585935009071e-15
    1.087500000000000e+01     5.225203234272360e-02     7.215803069848983e-13
    1.087500000000000e+01     1.512732585474473e-17     1.406187059270459e-15
    1.106250000000000e+01     7.209850725705938e-02     7.731996596737428e-13
    1.106250000000000e+01     1.330116811113341e-17     1.422205330637278e-15
    1.125000000000000e+01     1.036208972979354e-01     8.202297682059528e-13
    1.125000000000000e+01     1.074761585003493e-17     1.436052782801739e-15
    1.143750000000000e+01     1.584529158443411e-01     8.603216271146990e-13
    1.143750000000000e+01     6.869608741307438e-18     1.447022593588029e-15
    1.162500000000000e+01     2.691384892865570e-01     8.909897683250121e-13
    1.162500000000000e+01     3.395660166543760e-18     1.455238604072067e-15
    1.181250000000000e+01     5.669990645677605e-01     9.099219287500160e-13
    1.181250000000000e+01    -8.016624777008486e-19     1.458136458982736e-15
