    0.000000000000000e+00     5.419326151553104e+00    -9.312473342317874e-13
    0.000000000000000e+00    -5.019006652143349e-18    -3.379196636858399e-16
    8.333333333333333e-02     1.375855923399559e+00    -9.298009799369068e-13
    8.333333333333333e-02     1.647116117958787e-18    -3.364911189366869e-16
    1.666666666666667e-01     7.045728866265318e-01    -9.254505972244076e-13
    1.666666666666667e-01     2.791846681139540e-18    -3.387961370684236e-16
    2.500000000000000e-01     4.466506148014180e-01    -9.182889016332319e-13
    2.500000000000000e-01     2.538538606908998e-18    -3.352297667743356e-16
    3.333333333333333e-01     3.139612732447923e-01    -9.084712304965187e-13
    3.333333333333333e-01     2.035067873626477e-18    -3.358941260617410e-16
    4.166666666666666e-01     2.345296253151530e-01    -8.961871614683315e-13
    4.166666666666666e-01     4.502676242430832e-18    -3.364089223967317e-16
    5.000000000000000e-01     1.823590025737848e-01    -8.816494903292449e-13
    5.000000000000000e-01     1.152863105958763e-18    -3.317452477944947e-16
    5.833333333333333e-01     1.458834221822710e-01    -8.650863608301612e-13
    5.833333333333333e-01     2.635413294229921e-18    -3.324412329509450e-16
    6.666666666666666e-01     1.192090828007047e-01    -8.467335367615233e-13
    6.666666666666666e-01     8.534685147553006e-19    -3.296987155999010e-16
    7.500000000000000e-01     9.903078212798280e-02    -8.268237255909205e-13
    7.500000000000000e-01     1.789008965386245e-18    -3.309539883302803e-16
    8.333333333333333e-01     8.335809424430583e-02    -8.055842069353318e-13
    8.333333333333333e-01     8.944870871299798e-19    -3.303972588167795e-16
    9.166666666666666e-01     7.092447279302933e-02    -7.832315367958968e-13
    9.166666666666666e-01     1.454464199635749e-18    -3.280707925277010e-16
    1.000000000000000e+00     6.088784990319770e-02    -7.599752918616272e-13
    1.000000000000000e+00     1.840789236007035e-18    -3.243181144183678e-16
    1.083333333333333e+00     5.266799763702344e-02    -7.360133654839106e-13
    1.083333333333333e+00     2.649437789352593e-18    -3.257437305502967e-16
    1.166666666666667e+00     4.585305994649878e-02    -7.115249251173869e-13
    1.166666666666667e+00     3.978252027956428e-18    -3.228777478936300e-16
    1.250000000000000e+00     4.014327643139715e-02    -6.866793484279709e-13
    1.250000000000000e+00     4.748046254936755e-18    -3.215949354446938e-16
    1.333333333333333e+00     3.531574669476192e-02    -6.616280021548702e-13
    1.333333333333333e+00     4.200826285318910e-18    -3.189285933683900e-16
    1.416666666666667e+00     3.120162048682392e-02    -6.365123283195816e-13
    1.416666666666667e+00     4.725597605147987e-18    -3.166959020738369e-16
    1.500000000000000e+00     2.767090091605666e-02    -6.114541283716360e-13
    1.500000000000000e+00     4.073405743308431e-18    -3.136982549398987e-16
    1.583333333333333e+00     2.462206296308682e-02    -5.865666110503836e-13
    1.583333333333333e+00     4.756277213320123e-18    -3.114436414734237e-16
    1.666666666666667e+00     2.197480366247834e-02    -5.619459007060824e-13
    1.666666666666667e+00     5.478479853077355e-18    -3.078953985121375e-16
    1.750000000000000e+00     1.966487958803732e-02    -5.376797457051590e-13
    1.750000000000000e+00     4.746549615523744e-18    -3.055003444634862e-16
    1.833333333333333e+00     1.764036621063148e-02    -5.138412248983538e-13
    1.833333333333333e+00     5.823238220525809e-18    -3.021919443622039e-16
    1.916666666666667e+00     1.585890489215514e-02    -4.904941583969929e-13
    1.916666666666667e+00     6.710222144569208e-18    -3.003366461014048e-16
    2.000000000000000e+00     1.428564801773651e-02    -4.676922255073680e-13
    2.000000000000000e+00     6.842738780651364e-18    -2.971228523893863e-16
    2.083333333333333e+00     1.289170550342999e-02    -4.454795912659892e-13
    2.083333333333333e+00     7.285328574596018e-18    -2.935614796909005e-16
    2.166666666666667e+00     1.165295658838610e-02    -4.238924227365232e-13
    2.166666666666667e+00     7.878998991207111e-18    -2.906874331846322e-16
    2.250000000000000e+00     1.054913127550602e-02    -4.029580662813970e-13
    2.250000000000000e+00     8.190468868119201e-18    -2.873999232718997e-16
    2.333333333333333e+00     9.563093230273078e-03    -3.826992547877549e-13
    2.333333333333333e+00     8.701350773608491e-18    -2.838244395262891e-16
    2.416666666666667e+00     8.680274864586758e-03    -3.631303288232786e-13
    2.416666666666667e+00     9.581946220167263e-18    -2.798132399389291e-16
    2.500000000000000e+00     7.888228562329626e-03    -3.442609082625476e-13
    2.500000000000000e+00     9.960276420597573e-18    -2.757402872137605e-16
    2.583333333333333e+00     7.176267380831407e-03    -3.260959447939254e-13
    2.583333333333333e+00     1.052396718141381e-17    -2.719550836715605e-16
    2.666666666666667e+00     6.535175292111065e-03    -3.086357251645418e-13
    2.666666666666667e+00     1.074054221154130e-17    -2.675418322313990e-16
    2.750000000000000e+00     5.956971913229053e-03    -2.918764455422794e-13
    2.750000000000000e+00     1.093703753531590e-17    -2.633206552778233e-16
    2.833333333333333e+00     5.434720259795734e-03    -2.758115151422751e-13
    2.833333333333333e+00     1.146220958362371e-17    -2.589943846955582e-16
    2.916666666666667e+00     4.962368713315839e-03    -2.604305592586328e-13
    2.916666666666667e+00     1.178079451157739e-17    -2.541287992008929e-16
    3.000000000000000e+00     4.534620380294633e-03    -2.457218893426260e-13
    3.000000000000000e+00     1.197037578554581e-17    -2.499744230556161e-16
    3.083333333333333e+00     4.146824520558098e-03    -2.316704257742646e-13
    3.083333333333333e+00     1.242577582159293e-17    -2.447940511700658e-16
    3.166666666666667e+00     3.794885863039246e-03    -2.182599367361051e-13
    3.166666666666667e+00     1.286229486253561e-17    -2.400454661330565e-16
    3.250000000000000e+00     3.475188501864032e-03    -2.054731198647607e-13
    3.250000000000000e+00     1.316196996026993e-17    -2.344058338665206e-16
    3.333333333333333e+00     3.184531740932636e-03    -1.932905482111244e-13
    3.333333333333333e+00     1.360671786128159e-17    -2.296922577417341e-16
    3.416666666666667e+00     2.920075780289115e-03    -1.816925569389671e-13
    3.416666666666667e+00     1.398868633613568e-17    -2.237157607894274e-16
    3.500000000000000e+00     2.679295548483034e-03    -1.706582370604614e-13
    3.500000000000000e+00     1.438310191925644e-17    -2.184261325940373e-16
    3.583333333333333e+00     2.459941308657954e-03    -1.601666716071064e-13
    3.583333333333333e+00     1.468441414745796e-17    -2.123428807367725e-16
    3.666666666666667e+00     2.260004922313015e-03    -1.501960380348294e-13
    3.666666666666667e+00     1.505151212850587e-17    -2.069072543650245e-16
    3.750000000000000e+00     2.077690858713414e-03    -1.407246769517633e-13
    3.750000000000000e+00     1.542380584637340e-17    -2.006145946786607e-16
    3.833333333333333e+00     1.911391201250838e-03    -1.317306615029078e-13
    3.833333333333333e+00     1.572247070703591e-17    -1.948311169402397e-16
    3.916666666666667e+00     1.759664033459903e-03    -1.231920588293181e-13
    3.916666666666667e+00     1.613875144598236e-17    -1.883786283261138e-16
    4.000000000000000e+00     1.621214693625265e-03    -1.150870174819624e-13
    4.000000000000000e+00     1.640581379007993e-17    -1.822685115962234e-16
    4.083333333333333e+00     1.494879473187562e-03    -1.073940667509898e-13
    4.083333333333333e+00     1.671585095168038e-17    -1.756618310612295e-16
    4.166666666666666e+00     1.379611404533605e-03    -1.000917814596693e-13
    4.166666666666666e+00     1.696335776608793e-17    -1.692125098521414e-16
    4.250000000000000e+00     1.274467841411270e-03    -9.315912501084650e-14
    4.250000000000000e+00     1.733145493379374e-17    -1.624128012965829e-16
    4.333333333333333e+00     1.178599582636546e-03    -8.657542703753228e-14
    4.333333333333333e+00     1.753625956057957e-17    -1.557127376867341e-16
    4.416666666666666e+00     1.091241328931216e-03    -8.032036128290323e-14
    4.416666666666666e+00     1.784204490012515e-17    -1.487338785431285e-16
    4.500000000000000e+00     1.011703295205599e-03    -7.437412397891291e-14
    4.500000000000000e+00     1.805928259792013e-17    -1.417630794956862e-16
    4.583333333333333e+00     9.393638276314162e-04    -6.871712376893591e-14
    4.583333333333333e+00     1.832438751059212e-17    -1.346503005943587e-16
    4.666666666666666e+00     8.736628974306985e-04    -6.333045808511247e-14
    4.666666666666666e+00     1.859666786104047e-17    -1.274292798717596e-16
    4.750000000000000e+00     8.140963622410829e-04    -5.819544834561842e-14
    4.750000000000000e+00     1.881781520157937e-17    -1.201250146971483e-16
    4.833333333333333e+00     7.602109018547093e-04    -5.329395046722909e-14
    4.833333333333333e+00     1.902449510135923e-17    -1.127487839357908e-16
    4.916666666666666e+00     7.115995485915970e-04    -4.860827951232406e-14
    4.916666666666666e+00     1.922563370699264e-17    -1.052621458935386e-16
    5.000000000000000e+00     6.678977439861319e-04    -4.412103076201884e-14
    5.000000000000000e+00     1.939386432180456e-17    -9.769124490465794e-17
    5.083333333333333e+00     6.287798631879950e-04    -3.981540728417793e-14
    5.083333333333333e+00     1.960203192777376e-17    -9.006899051362900e-17
    5.166666666666666e+00     5.939561567929253e-04    -3.567468263429008e-14
    5.166666666666666e+00     1.979394564389900e-17    -8.235813579365031e-17
    5.250000000000000e+00     5.631700669588034e-04    -3.168289309759792e-14
    5.250000000000000e+00     1.990838631888893e-17    -7.462822946473533e-17
    5.333333333333333e+00     5.361958808266452e-04    -2.782397109724925e-14
    5.333333333333333e+00     2.003968976003132e-17    -6.681385927232791e-17
    5.416666666666666e+00     5.128366896149016e-04    -2.408254933037490e-14
    5.416666666666666e+00     2.015370111086240e-17    -5.895484868098934e-17
    5.500000000000000e+00     4.929226264271057e-04    -2.044318183728353e-14
    5.500000000000000e+00     2.026979987015807e-17    -5.104478122514637e-17
    5.583333333333333e+00     4.763093599180803e-04    -1.689093999096069e-14
    5.583333333333333e+00     2.033087441746203e-17    -4.309667649714617e-17
    5.666666666666666e+00     4.628768246038358e-04    -1.341093301593437e-14
    5.666666666666666e+00     2.041072411528729e-17    -3.510412071958009e-17
    5.750000000000000e+00     4.525281718533385e-04    -9.988531011180715e-15
    5.750000000000000e+00     2.046174455597050e-17    -2.710024731151989e-17
    5.833333333333333e+00     4.451889285410291e-04    -6.609236141469463e-15
    5.833333333333333e+00     2.048705309590125e-17    -1.907728805955921e-17
    5.916666666666666e+00     4.408063530268083e-04    -3.258607595217321e-15
    5.916666666666666e+00     2.051726779911538e-17    -1.103890234756028e-17
    6.000000000000000e+00     4.393489806208865e-04     7.764591351688841e-17
    6.000000000000000e+00     2.051657549116314e-17    -2.982553012465038e-18
    6.083333333333333e+00     4.408063530341520e-04     3.413833510387427e-15
    6.083333333333333e+00     2.051081050141394e-17     5.070861790714250e-18
    6.166666666666666e+00     4.451889285549221e-04     6.764272358340723e-15
    6.166666666666666e+00     2.052142995402484e-17     1.311994412406714e-17
    6.250000000000000e+00     4.525281718723660e-04     1.014327058610445e-14
    6.250000000000000e+00     2.046415136555811e-17     2.117228601734647e-17
    6.333333333333333e+00     4.628768246260152e-04     1.356524760753238e-14
    6.333333333333333e+00     2.039991230353213e-17     2.918504942152698e-17
    6.416666666666666e+00     4.763093599409356e-04     1.704469483885738e-14
    6.416666666666666e+00     2.032364001584468e-17     3.718002271877806e-17
    6.500000000000000e+00     4.929226264480032e-04     2.059628987188958e-14
    6.500000000000000e+00     2.025125794273658e-17     4.514785001180293e-17
    6.583333333333333e+00     5.128366896313553e-04     2.423487645759555e-14
    6.583333333333333e+00     2.012938510450507e-17     5.307666526610612e-17
    6.666666666666666e+00     5.361958808364040e-04     2.797539488478530e-14
    6.666666666666666e+00     2.003082676631172e-17     6.094436599446827e-17
    6.750000000000000e+00     5.631700669601561e-04     3.183332086310440e-14
    6.750000000000000e+00     1.989691680103415e-17     6.882438988155310e-17
    6.833333333333333e+00     5.939561567848222e-04     3.582398910761702e-14
    6.833333333333333e+00     1.974134009909582e-17     7.662640364332397e-17
    6.916666666666666e+00     6.287798631703444e-04     3.996346450489306e-14
    6.916666666666666e+00     1.957690936089716e-17     8.433993069837843e-17
    7.000000000000000e+00     6.678977439596839e-04     4.426777104316608e-14
    7.000000000000000e+00     1.941188014492183e-17     9.207444547352635e-17
    7.083333333333333e+00     7.115995485579152e-04     4.875359835260806e-14
    7.083333333333333e+00     1.919085358843383e-17     9.966484954374588e-17
    7.166666666666666e+00     7.602109018160582e-04     5.343774142365285e-14
    7.166666666666666e+00     1.903480881270572e-17     1.072297632817675e-16
    7.250000000000000e+00     8.140963622004228e-04     5.833762504627127e-14
    7.250000000000000e+00     1.883110274456870e-17     1.146436204950347e-16
    7.333333333333333e+00     8.736628973913352e-04     6.347093024943409e-14
    7.333333333333333e+00     1.859740023685416e-17     1.220673210066740e-16
    7.416666666666666e+00     9.393638275965767e-04     6.885577874660925e-14
    7.416666666666666e+00     1.837020131422987e-17     1.292738391606142e-16
    7.500000000000000e+00     1.011703295178250e-03     7.451090715409701e-14
    7.500000000000000e+00     1.816508512386974e-17     1.365290983439416e-16
    7.583333333333333e+00     1.091241328913799e-03     8.045517016190306e-14
    7.583333333333333e+00     1.785675740660555e-17     1.435711024064087e-16
    7.666666666666666e+00     1.178599582630590e-03     8.670821781443030e-14
    7.666666666666666e+00     1.762409409961685e-17     1.505984027174804e-16
    7.750000000000000e+00     1.274467841417254e-03     9.328974044217347e-14
    7.750000000000000e+00     1.726344103758015e-17     1.573737577255369e-16
    7.833333333333333e+00     1.379611404550873e-03     1.002202676517302e-13
    7.833333333333333e+00     1.701073151460423e-17     1.642777002820309e-16
    7.916666666666666e+00     1.494879473214220e-03     1.075202887570800e-13
    7.916666666666666e+00     1.668248021958894e-17     1.707589739293249e-16
    8.000000000000000e+00     1.621214693658382e-03     1.152109489002036e-13
    8.000000000000000e+00     1.642743832248057e-17     1.774621863912648e-16
    8.083333333333332e+00     1.759664033495684e-03     1.233135626481785e-13
    8.083333333333332e+00     1.617272169652282e-17     1.836470628294705e-16
    8.166666666666666e+00     1.911391201285090e-03     1.318497883176364e-13
    8.166666666666666e+00     1.580023842003235e-17     1.903306164589718e-16
    8.250000000000000e+00     2.077690858741883e-03     1.408413706169475e-13
    8.250000000000000e+00     1.556488772387587e-17     1.962808268989748e-16
    8.333333333333332e+00     2.260004922331857e-03     1.503101708895291e-13
    8.333333333333332e+00     1.516122834302561e-17     2.025309931923333e-16
    8.416666666666666e+00     2.459941308664222e-03     1.602782722614805e-13
    8.416666666666666e+00     1.481644526548533e-17     2.080614393543498e-16
    8.500000000000000e+00     2.679295548475230e-03     1.707672982084264e-13
    8.500000000000000e+00     1.456778941638383e-17     2.143455755351716e-16
    8.583333333333332e+00     2.920075780267321e-03     1.817988974662630e-13
    8.583333333333332e+00     1.427322540229483e-17     2.195876864914529e-16
    8.666666666666666e+00     3.184531740898906e-03     1.933943143751157e-13
    8.666666666666666e+00     1.392537650522879e-17     2.255442977398409e-16
    8.750000000000000e+00     3.475188501821948e-03     2.055741511842401e-13
    8.750000000000000e+00     1.371596577566822e-17     2.304612808498439e-16
    8.833333333333332e+00     3.794885862993881e-03     2.183585111295921e-13
    8.833333333333332e+00     1.325400819373796e-17     2.362854996487008e-16
    8.916666666666666e+00     4.146824520515256e-03     2.317661759928936e-13
    8.916666666666666e+00     1.291866895204348e-17     2.411649906865881e-16
    9.000000000000000e+00     4.534620380260158e-03     2.458148881893385e-13
    9.000000000000000e+00     1.265056124529101e-17     2.463150529823905e-16
    9.083333333333332e+00     4.962368713294708e-03     2.605210618527840e-13
    9.083333333333332e+00     1.211949667828958e-17     2.508539270083832e-16
    9.166666666666666e+00     5.434720259791089e-03     2.758991788773181e-13
    9.166666666666666e+00     1.204955746253710e-17     2.558337324448565e-16
    9.250000000000000e+00     5.956971913241517e-03     2.919615429293839e-13
    9.250000000000000e+00     1.160627084739507e-17     2.605935641859204e-16
    9.333333333333332e+00     6.535175292138160e-03     3.087178947625075e-13
    9.333333333333332e+00     1.138319132047231e-17     2.649734669539323e-16
    9.416666666666666e+00     7.176267380867883e-03     3.261753610750301e-13
    9.416666666666666e+00     1.097889732783295e-17     2.690684200164416e-16
    9.500000000000000e+00     7.888228562367853e-03     3.443374415587023e-13
    9.500000000000000e+00     1.073255773406351e-17     2.731828754994166e-16
    9.583333333333332e+00     8.680274864618401e-03     3.632042727614971e-13
    9.583333333333332e+00     1.055038372521484e-17     2.776874623889754e-16
    9.666666666666666e+00     9.563093230291017e-03     3.827703794093576e-13
    9.666666666666666e+00     1.014282946541564e-17     2.813030875894970e-16
    9.750000000000000e+00     1.054913127550617e-02     4.030265400657854e-13
    9.750000000000000e+00     9.719908140298318e-18     2.854685126807821e-16
    9.833333333333332e+00     1.165295658836985e-02     4.239577793475084e-13
    9.833333333333332e+00     9.788223190799978e-18     2.882284543134099e-16
    9.916666666666666e+00     1.289170550340474e-02     4.455426656017635e-13
    9.916666666666666e+00     9.581632222709486e-18     2.917828212683211e-16
    1.000000000000000e+01     1.428564801771491e-02     4.677529923738323e-13
    1.000000000000000e+01     9.071654304561061e-18     2.951738849055148e-16
    1.008333333333333e+01     1.585890489215172e-02     4.905523363020151e-13
    1.008333333333333e+01     8.636006211066494e-18     2.983720513987558e-16
    1.016666666666667e+01     1.764036621065639e-02     5.138967923808337e-13
    1.016666666666667e+01     8.503844184537186e-18     3.021954251539634e-16
    1.025000000000000e+01     1.966487958808938e-02     5.377319986830622e-13
    1.025000000000000e+01     7.735066915069066e-18     3.049723963402787e-16
    1.033333333333333e+01     2.197480366254079e-02     5.619961188051816e-13
    1.033333333333333e+01     8.377045267830829e-18     3.084137438745816e-16
    1.041666666666667e+01     2.462206296313204e-02     5.866138872476534e-13
    1.041666666666667e+01     7.662852127124147e-18     3.117920177538571e-16
    1.050000000000000e+01     2.767090091606798e-02     6.114990665304984e-13
    1.050000000000000e+01     7.634120454343583e-18     3.139605339904904e-16
    1.058333333333333e+01     3.120162048682205e-02     6.365543490557057e-13
    1.058333333333333e+01     7.727768043916729e-18     3.172477669548342e-16
    1.066666666666667e+01     3.531574669476550e-02     6.616682016207044e-13
    1.066666666666667e+01     6.103005864759395e-18     3.184836895905574e-16
    1.075000000000000e+01     4.014327643119026e-02     6.867158421262822e-13
    1.075000000000000e+01     7.449289090486135e-18     3.209080031402139e-16
    1.083333333333333e+01     4.585305994666015e-02     7.115587730190506e-13
    1.083333333333333e+01     6.824203025411261e-18     3.222690017105774e-16
    1.091666666666667e+01     5.266799763695106e-02     7.360443545875431e-13
    1.091666666666667e+01     5.694578954319977e-18     3.258944465749106e-16
    1.100000000000000e+01     6.088784990313048e-02     7.600050600240127e-13
    1.100000000000000e+01     7.213938674859502e-18     3.279737766668574e-16
    1.108333333333333e+01     7.092447279301091e-02     7.832563267785680e-13
    1.108333333333333e+01     6.860068072932150e-18     3.280984268390928e-16
    1.116666666666667e+01     8.335809424433824e-02     8.056068650061009e-13
    1.116666666666667e+01     8.280943692052654e-18     3.313689632904504e-16
    1.125000000000000e+01     9.903078212804135e-02     8.268444410205487e-13
    1.125000000000000e+01     7.386049642107140e-18     3.335825074194284e-16
    1.133333333333333e+01     1.192090828007674e-01     8.467530136844775e-13
    1.133333333333333e+01     8.088832053520995e-18     3.329180087631049e-16
    1.141666666666667e+01     1.458834221823098e-01     8.651035594073015e-13
    1.141666666666667e+01     8.466070728208223e-18     3.349923698267251e-16
    1.150000000000000e+01     1.823590025737842e-01     8.816632929692511e-13
    1.150000000000000e+01     6.972406267794421e-18     3.341177562677538e-16
    1.158333333333333e+01     2.345296253151286e-01     8.961961662736878e-13
    1.158333333333333e+01     8.063136201289345e-18     3.345167642468313e-16
    1.166666666666667e+01     3.139612732447518e-01     9.084784742282357e-13
    1.166666666666667e+01     6.959240277587940e-18     3.334578224567565e-16
    1.175000000000000e+01     4.466506148013843e-01     9.182950970890854e-13
    1.175000000000000e+01     5.968219081883611e-18     3.360245076963979e-16
    1.183333333333333e+01     7.045728866264961e-01     9.254543119121908e-13
    1.183333333333333e+01     3.561345774379764e-18     3.351442331968685e-16
    1.191666666666667e+01     1.375855923399537e+00     9.298050526175062e-13
    1.191666666666667e+01     6.366029397069760e-18     3.412914345124946e-16
