    0.000000000000000e+00     1.015320432624732e+01     4.092250507649696e-14
    0.000000000000000e+00     1.713957556720389e-17    -4.783199926612313e-15
    8.333333333333333e-02     2.435813823635601e+00     4.087774609370710e-14
    8.333333333333333e-02     4.942236403851211e-18    -4.802366992514018e-15
    1.666666666666667e-01     1.181645085200079e+00     4.073977263642126e-14
    1.666666666666667e-01    -1.378749061322725e-18    -4.791609454664330e-15
    2.500000000000000e-01     7.131167399008578e-01     4.051731463929212e-14
    2.500000000000000e-01    -3.121247189255658e-18    -4.778575300914241e-15
    3.333333333333333e-01     4.796165128821800e-01     4.020115243583995e-14
    3.333333333333333e-01    -5.044350868991262e-18    -4.775616593077314e-15
    4.166666666666666e-01     3.444193615143096e-01     3.980083153176140e-14
    4.166666666666666e-01    -9.825386440555979e-18    -4.769107274672992e-15
    5.000000000000000e-01     2.585508536054758e-01     3.931696222518061e-14
    5.000000000000000e-01    -1.208886100618000e-17    -4.762194772179101e-15
    5.833333333333333e-01     2.004557967794363e-01     3.875915796596555e-14
    5.833333333333333e-01    -1.550480352224171e-17    -4.754159994883169e-15
    6.666666666666666e-01     1.592934680066247e-01     3.812198967200868e-14
    6.666666666666666e-01    -1.289791080122068e-17    -4.745920581751728e-15
    7.500000000000000e-01     1.290765271782014e-01     3.741667058619399e-14
    7.500000000000000e-01    -1.579333697213812e-17    -4.731319463757385e-15
    8.333333333333333e-01     1.062603366744054e-01     3.664626775537259e-14
    8.333333333333333e-01    -1.798405180381108e-17    -4.716696670554780e-15
    9.166666666666666e-01     8.863075381492837e-02     3.581473501328210e-14
    9.166666666666666e-01    -1.929215002262973e-17    -4.700671886389530e-15
    1.000000000000000e+00     7.474429033578173e-02     3.492952321327349e-14
    1.000000000000000e+00    -1.979255756644173e-17    -4.683009097256756e-15
    1.083333333333333e+00     6.362636628765458e-02     3.399425795218211e-14
    1.083333333333333e+00    -2.190723399951001e-17    -4.667554554600083e-15
    1.166666666666667e+00     5.459945789000118e-02     3.301656576269657e-14
    1.166666666666667e+00    -2.711969281364507e-17    -4.648621871338433e-15
    1.250000000000000e+00     4.718068089677118e-02     3.200133208997831e-14
    1.250000000000000e+00    -2.780493647243228e-17    -4.627636730623879e-15
    1.333333333333333e+00     4.101839049172586e-02     3.095372138890536e-14
    1.333333333333333e+00    -2.864821280612514e-17    -4.605866122055058e-15
    1.416666666666667e+00     3.585164509752961e-02     2.988079337849617e-14
    1.416666666666667e+00    -3.123502411600147e-17    -4.583610726087251e-15
    1.500000000000000e+00     3.148355705251801e-02     2.878734723316703e-14
    1.500000000000000e+00    -3.313547705916850e-17    -4.557227454028619e-15
    1.583333333333333e+00     2.776334248251559e-02     2.767956411106565e-14
    1.583333333333333e+00    -3.661431315801187e-17    -4.530588859736726e-15
    1.666666666666667e+00     2.457396949085048e-02     2.656257063099448e-14
    1.666666666666667e+00    -3.832232497892887e-17    -4.501932847362943e-15
    1.750000000000000e+00     2.182349559527448e-02     2.544162261537853e-14
    1.750000000000000e+00    -4.015430202738368e-17    -4.469949309852428e-15
    1.833333333333333e+00     1.943888809990808e-02     2.432049020587566e-14
    1.833333333333333e+00    -4.253749032316550e-17    -4.438133973212459e-15
    1.916666666666667e+00     1.736154731580548e-02     2.320434511058050e-14
    1.916666666666667e+00    -4.536080543856663e-17    -4.403757979463751e-15
    2.000000000000000e+00     1.554401764164929e-02     2.209713828259327e-14
    2.000000000000000e+00    -4.820750418494828e-17    -4.367544018278995e-15
    2.083333333333333e+00     1.394754013053913e-02     2.100335409889006e-14
    2.083333333333333e+00    -5.071204130843284e-17    -4.328787594891600e-15
    2.166666666666667e+00     1.254020961933479e-02     1.992561113898604e-14
    2.166666666666667e+00    -5.403414583838620e-17    -4.288493033382312e-15
    2.250000000000000e+00     1.129557185207681e-02     1.886787422420365e-14
    2.250000000000000e+00    -5.675432055769615e-17    -4.246110143549857e-15
    2.333333333333333e+00     1.019154466817431e-02     1.783270937667770e-14
    2.333333333333333e+00    -5.929312885438878e-17    -4.201112292763261e-15
    2.416666666666667e+00     9.209580525125816e-03     1.682275162398712e-14
    2.416666666666667e+00    -6.234100610716946e-17    -4.153952274654734e-15
    2.500000000000000e+00     8.334010605830064e-03     1.584004607933133e-14
    2.500000000000000e+00    -6.565835809105492e-17    -4.104730421155599e-15
    2.583333333333333e+00     7.551526874628358e-03     1.488687553033510e-14
    2.583333333333333e+00    -6.876494377165999e-17    -4.053077183707300e-15
    2.666666666666667e+00     6.850769881974354e-03     1.396484619626137e-14
    2.666666666666667e+00    -7.193981663908827e-17    -3.999145834717212e-15
    2.750000000000000e+00     6.221998324369375e-03     1.307511855083395e-14
    2.750000000000000e+00    -7.512419410560226e-17    -3.942782011495181e-15
    2.833333333333333e+00     5.656822317384140e-03     1.221900647432214e-14
    2.833333333333333e+00    -7.834554096786946e-17    -3.883693803941475e-15
    2.916666666666667e+00     5.147986697507823e-03     1.139730915927194e-14
    2.916666666666667e+00    -8.167676426136002e-17    -3.822379337047112e-15
    3.000000000000000e+00     4.689193889226733e-03     1.061052314875997e-14
    3.000000000000000e+00    -8.506801493564637e-17    -3.758347789465464e-15
    3.083333333333333e+00     4.274958274644348e-03     9.859171197566190e-15
    3.083333333333333e+00    -8.837470645858667e-17    -3.691850538989291e-15
    3.166666666666667e+00     3.900485807495211e-03     9.143484197414526e-15
    3.166666666666667e+00    -9.185193705650931e-17    -3.622818092147757e-15
    3.250000000000000e+00     3.561573980300698e-03     8.463430502460480e-15
    3.250000000000000e+00    -9.532389170171503e-17    -3.551179344742794e-15
    3.333333333333333e+00     3.254528296483766e-03     7.818872590960023e-15
    3.333333333333333e+00    -9.881537040019010e-17    -3.476746920978900e-15
    3.416666666666667e+00     2.976092200839200e-03     7.209490344747681e-15
    3.416666666666667e+00    -1.023373661877899e-16    -3.399866785065994e-15
    3.500000000000000e+00     2.723388041907760e-03     6.634822706814279e-15
    3.500000000000000e+00    -1.058872843255128e-16    -3.320298070875337e-15
    3.583333333333333e+00     2.493867122674150e-03     6.094317051940287e-15
    3.583333333333333e+00    -1.093672428462266e-16    -3.237998139535841e-15
    3.666666666666667e+00     2.285267274304374e-03     5.587255321469534e-15
    3.666666666666667e+00    -1.128704031245626e-16    -3.153134744109316e-15
    3.750000000000000e+00     2.095576685750712e-03     5.112882608316260e-15
    3.750000000000000e+00    -1.164354106207044e-16    -3.065585368995891e-15
    3.833333333333333e+00     1.923002958304798e-03     4.670337720884249e-15
    3.833333333333333e+00    -1.199148246645944e-16    -2.975433475326616e-15
    3.916666666666667e+00     1.765946542420051e-03     4.258681776935076e-15
    3.916666666666667e+00    -1.233324466799632e-16    -2.882642938781143e-15
    4.000000000000000e+00     1.622977864889652e-03     3.876853177963010e-15
    4.000000000000000e+00    -1.267213623064765e-16    -2.787376570266076e-15
    4.083333333333333e+00     1.492817575821455e-03     3.523819012217643e-15
    4.083333333333333e+00    -1.300902525203207e-16    -2.689560137359779e-15
    4.166666666666666e+00     1.374319443000150e-03     3.198478659439185e-15
    4.166666666666666e+00    -1.333984164274269e-16    -2.589207187311177e-15
    4.250000000000000e+00     1.266455500974048e-03     2.899661265901910e-15
    4.250000000000000e+00    -1.366270206282860e-16    -2.486469486581689e-15
    4.333333333333333e+00     1.168303127290993e-03     2.626187524982501e-15
    4.333333333333333e+00    -1.397392794288669e-16    -2.381300097611198e-15
    4.416666666666666e+00     1.079033771654415e-03     2.376854706591527e-15
    4.416666666666666e+00    -1.428331850259272e-16    -2.273883213367538e-15
    4.500000000000000e+00     9.979031076800700e-04     2.150406501883099e-15
    4.500000000000000e+00    -1.457938281624273e-16    -2.164158684973751e-15
    4.583333333333333e+00     9.242424132223725e-04     1.945648188285595e-15
    4.583333333333333e+00    -1.486744873464461e-16    -2.052308868849155e-15
    4.666666666666666e+00     8.574510153449785e-04     1.761293480585134e-15
    4.666666666666666e+00    -1.514540957384363e-16    -1.938331961167747e-15
    4.750000000000000e+00     7.969896610896478e-04     1.596069037319101e-15
    4.750000000000000e+00    -1.541340030979468e-16    -1.822429861954064e-15
    4.833333333333333e+00     7.423746961640240e-04     1.448727728345601e-15
    4.833333333333333e+00    -1.566400736306850e-16    -1.704569576381301e-15
    4.916666666666666e+00     6.931729512712486e-04     1.318010991908083e-15
    4.916666666666666e+00    -1.590136739752375e-16    -1.584945095273362e-15
    5.000000000000000e+00     6.489972506357126e-04     1.202641067579314e-15
    5.000000000000000e+00    -1.612549555148165e-16    -1.463610163348891e-15
    5.083333333333333e+00     6.095024698268871e-04     1.101363668322316e-15
    5.083333333333333e+00    -1.633632359139738e-16    -1.340703817107407e-15
    5.166666666666666e+00     5.743820806474568e-04     1.012917373932299e-15
    5.166666666666666e+00    -1.652752818357107e-16    -1.216360761825242e-15
    5.250000000000000e+00     5.433651299494489e-04     9.360499703526053e-16
    5.250000000000000e+00    -1.670690912684953e-16    -1.090669633541185e-15
    5.333333333333333e+00     5.162136070464115e-04     8.695062112660592e-16
    5.333333333333333e+00    -1.686673211076574e-16    -9.637931322210208e-16
    5.416666666666666e+00     4.927201611185722e-04     8.120499302424867e-16
    5.416666666666666e+00    -1.700985049900750e-16    -8.358330479843870e-16
    5.500000000000000e+00     4.727061358431287e-04     7.624438443166556e-16
    5.500000000000000e+00    -1.713499628603298e-16    -7.069519123079214e-16
    5.583333333333333e+00     4.560198935795670e-04     7.194707446605279e-16
    5.583333333333333e+00    -1.724044694249578e-16    -5.772687962019819e-16
    5.666666666666666e+00     4.425354059265209e-04     6.818917102002666e-16
    5.666666666666666e+00    -1.732890988730007e-16    -4.469349576848571e-16
    5.750000000000000e+00     4.321510914536144e-04     6.485028449158165e-16
    5.750000000000000e+00    -1.739731382979327e-16    -3.160987374879981e-16
    5.833333333333333e+00     4.247888849895087e-04     6.180871102412207e-16
    5.833333333333333e+00    -1.744568513831162e-16    -1.849081795374431e-16
    5.916666666666666e+00     4.203935261006318e-04     5.894419748324426e-16
    5.916666666666666e+00    -1.747632667300104e-16    -5.349839853865645e-17
    6.000000000000000e+00     4.189320573951406e-04     5.613612204167080e-16
    6.000000000000000e+00    -1.748593199811432e-16     7.797174354992832e-17
    6.083333333333333e+00     4.203935260921691e-04     5.326458957605790e-16
    6.083333333333333e+00    -1.747629982410959e-16     2.093440848792054e-16
    6.166666666666666e+00     4.247888849735117e-04     5.020996592260018e-16
    6.166666666666666e+00    -1.744837261893932e-16     3.404998435891578e-16
    6.250000000000000e+00     4.321510914319417e-04     4.685190374006335e-16
    6.250000000000000e+00    -1.739919409388578e-16     4.712578783450858e-16
    6.333333333333333e+00     4.425354059015539e-04     4.307248885522987e-16
    6.333333333333333e+00    -1.733026363016145e-16     6.015048660298452e-16
    6.416666666666666e+00     4.560198935542251e-04     3.875067419970975e-16
    6.416666666666666e+00    -1.724347925971199e-16     7.310617764564115e-16
    6.500000000000000e+00     4.727061358203014e-04     3.376703085546729e-16
    6.500000000000000e+00    -1.713629819271560e-16     8.598054259726041e-16
    6.583333333333333e+00     4.927201611006117e-04     2.800235531670370e-16
    6.583333333333333e+00    -1.701192584607514e-16     9.875985903529906e-16
    6.666666666666666e+00     5.162136070350310e-04     2.133643911503447e-16
    6.666666666666666e+00    -1.686883003446845e-16     1.114308624110760e-15
    6.750000000000000e+00     5.433651299454996e-04     1.364810284351467e-16
    6.750000000000000e+00    -1.670871789754071e-16     1.239789306645305e-15
    6.833333333333333e+00     5.743820806508223e-04     4.817971617962895e-17
    6.833333333333333e+00    -1.653227005210216e-16     1.363928470244950e-15
    6.916666666666666e+00     6.095024698363807e-04    -5.274940984403033e-17
    6.916666666666666e+00    -1.633643646457174e-16     1.486595621861970e-15
    7.000000000000000e+00     6.489972506494038e-04    -1.675276799398933e-16
    7.000000000000000e+00    -1.612937647838683e-16     1.607643444791020e-15
    7.083333333333333e+00     6.931729512867652e-04    -2.973684699301677e-16
    7.083333333333333e+00    -1.590471700187161e-16     1.727010386919869e-15
    7.166666666666666e+00     7.423746961788480e-04    -4.434834660876287e-16
    7.166666666666666e+00    -1.566697706752501e-16     1.844550626298416e-15
    7.250000000000000e+00     7.969896611019119e-04    -6.070772823859968e-16
    7.250000000000000e+00    -1.541247082446519e-16     1.960190938000882e-15
    7.333333333333333e+00     8.574510153534882e-04    -7.893765586560797e-16
    7.333333333333333e+00    -1.514973733624963e-16     2.073821610367150e-15
    7.416666666666666e+00     9.242424132268570e-04    -9.915776882862137e-16
    7.416666666666666e+00    -1.487389772700769e-16     2.185346287996659e-15
    7.500000000000000e+00     9.979031076814355e-04    -1.214923511591571e-15
    7.500000000000000e+00    -1.458502938426459e-16     2.294691841342855e-15
    7.583333333333333e+00     1.079033771654294e-03    -1.460554201741156e-15
    7.583333333333333e+00    -1.428449549218939e-16     2.401784769881402e-15
    7.666666666666666e+00     1.168303127291521e-03    -1.729688570217832e-15
    7.666666666666666e+00    -1.397757025439076e-16     2.506515214535175e-15
    7.750000000000000e+00     1.266455500977136e-03    -2.023513777865784e-15
    7.750000000000000e+00    -1.366272843307352e-16     2.608923074144006e-15
    7.833333333333333e+00     1.374319443007146e-03    -2.343148082601157e-15
    7.833333333333333e+00    -1.333792340534343e-16     2.708808111613119e-15
    7.916666666666666e+00     1.492817575832603e-03    -2.689776709985540e-15
    7.916666666666666e+00    -1.301066648395183e-16     2.806217584644829e-15
    8.000000000000000e+00     1.622977864903651e-03    -3.064419926877437e-15
    8.000000000000000e+00    -1.267699236749143e-16     2.901108708500627e-15
    8.083333333333332e+00     1.765946542434208e-03    -3.468155922220416e-15
    8.083333333333332e+00    -1.233119953927411e-16     2.993431268660178e-15
    8.166666666666666e+00     1.923002958315299e-03    -3.901985721746346e-15
    8.166666666666666e+00    -1.199060835906981e-16     3.083181965006795e-15
    8.250000000000000e+00     2.095576685753600e-03    -4.366928234061894e-15
    8.250000000000000e+00    -1.164469710789483e-16     3.170277962850135e-15
    8.333333333333332e+00     2.285267274296541e-03    -4.863797717048602e-15
    8.333333333333332e+00    -1.129460090579232e-16     3.254771048935574e-15
    8.416666666666666e+00     2.493867122654228e-03    -5.393427668058849e-15
    8.416666666666666e+00    -1.095027585177650e-16     3.336601203638126e-15
    8.500000000000000e+00     2.723388041877108e-03    -5.956578016603192e-15
    8.500000000000000e+00    -1.059033357207511e-16     3.415812176767817e-15
    8.583333333333332e+00     2.976092200802079e-03    -6.553795063135094e-15
    8.583333333333332e+00    -1.024510085797291e-16     3.492370919351242e-15
    8.666666666666666e+00     3.254528296446565e-03    -7.185818376992967e-15
    8.666666666666666e+00    -9.892789452639286e-17     3.566170339489951e-15
    8.750000000000000e+00     3.561573980270508e-03    -7.852827533734187e-15
    8.750000000000000e+00    -9.556407462037089e-17     3.637481500336597e-15
    8.833333333333332e+00     3.900485807478012e-03    -8.555171358991104e-15
    8.833333333333332e+00    -9.211309831796249e-17     3.706204540749715e-15
    8.916666666666666e+00     4.274958274643156e-03    -9.292912900846661e-15
    8.916666666666666e+00    -8.865306071966465e-17     3.772244527771025e-15
    9.000000000000000e+00     4.689193889240216e-03    -1.006618225921917e-14
    9.000000000000000e+00    -8.521575771010706e-17     3.835685022052556e-15
    9.083333333333332e+00     5.147986697530581e-03    -1.087470493404541e-14
    9.083333333333332e+00    -8.182241589468676e-17     3.896593749202519e-15
    9.166666666666666e+00     5.656822317408060e-03    -1.171769815910583e-14
    9.166666666666666e+00    -7.850532432952528e-17     3.955112848186046e-15
    9.250000000000000e+00     6.221998324386058e-03    -1.259493116620443e-14
    9.250000000000000e+00    -7.527984133020153e-17     4.011156608809640e-15
    9.333333333333332e+00     6.850769881977904e-03    -1.350539824561519e-14
    9.333333333333332e+00    -7.208474399674774e-17     4.064695230166443e-15
    9.416666666666666e+00     7.551526874616991e-03    -1.444789630731848e-14
    9.416666666666666e+00    -6.896001775205250e-17     4.115877406123388e-15
    9.500000000000000e+00     8.334010605805912e-03    -1.542090144663906e-14
    9.500000000000000e+00    -6.593836224593066e-17     4.165019888277506e-15
    9.583333333333332e+00     9.209580525092886e-03    -1.642303584151843e-14
    9.583333333333332e+00    -6.277683282554555e-17     4.211891539345537e-15
    9.666666666666666e+00     1.019154466813665e-02    -1.745224591414566e-14
    9.666666666666666e+00    -6.019912810923065e-17     4.256101234047239e-15
    9.750000000000000e+00     1.129557185203870e-02    -1.850625944458440e-14
    9.750000000000000e+00    -5.729912475919616e-17     4.298749849077399e-15
    9.833333333333332e+00     1.254020961930339e-02    -1.958221541442298e-14
    9.833333333333332e+00    -5.412823387313215e-17     4.338650875312641e-15
    9.916666666666666e+00     1.394754013052362e-02    -2.067783988207932e-14
    9.916666666666666e+00    -5.170659702209220e-17     4.376489795834622e-15
    1.000000000000000e+01     1.554401764164896e-02    -2.178937423672872e-14
    1.000000000000000e+01    -4.856790722542792e-17     4.412525242122989e-15
    1.008333333333333e+01     1.736154731579578e-02    -2.291324202891463e-14
    1.008333333333333e+01    -4.626440972337298e-17     4.446704104576025e-15
    1.016666666666667e+01     1.943888809986964e-02    -2.404613573570679e-14
    1.016666666666667e+01    -4.417676509071142e-17     4.478638028787223e-15
    1.025000000000000e+01     2.182349559527654e-02    -2.518298744892053e-14
    1.025000000000000e+01    -4.142142720100649e-17     4.509061795769308e-15
    1.033333333333333e+01     2.457396949073934e-02    -2.632041487449435e-14
    1.033333333333333e+01    -3.889656355672397e-17     4.537593319435231e-15
    1.041666666666667e+01     2.776334248252751e-02    -2.745238545746783e-14
    1.041666666666667e+01    -3.696093800385717e-17     4.563941542085426e-15
    1.050000000000000e+01     3.148355705239290e-02    -2.857509831839414e-14
    1.050000000000000e+01    -3.467967868064436e-17     4.590260137353462e-15
    1.058333333333333e+01     3.585164509760640e-02    -2.968247258065967e-14
    1.058333333333333e+01    -3.199201502026773e-17     4.614469194156454e-15
    1.066666666666667e+01     4.101839049174846e-02    -3.076962143481367e-14
    1.066666666666667e+01    -3.095683326356894e-17     4.634971666539893e-15
    1.075000000000000e+01     4.718068089671477e-02    -3.183004418035269e-14
    1.075000000000000e+01    -3.048210185600294e-17     4.655493499187192e-15
    1.083333333333333e+01     5.459945789006467e-02    -3.285810143779347e-14
    1.083333333333333e+01    -2.888729491914472e-17     4.673843073989286e-15
    1.091666666666667e+01     6.362636628770130e-02    -3.384918596577842e-14
    1.091666666666667e+01    -2.419553546559763e-17     4.691535269705971e-15
    1.100000000000000e+01     7.474429033585279e-02    -3.479630039170824e-14
    1.100000000000000e+01    -2.438428050064903e-17     4.706915379848371e-15
    1.108333333333333e+01     8.863075381492742e-02    -3.569330938306137e-14
    1.108333333333333e+01    -2.257223405106820e-17     4.722697568213706e-15
    1.116666666666667e+01     1.062603366743984e-01    -3.653748179496237e-14
    1.116666666666667e+01    -2.051543140543625e-17     4.736143616756770e-15
    1.125000000000000e+01     1.290765271781659e-01    -3.731994590031438e-14
    1.125000000000000e+01    -2.045393262105614e-17     4.747935729419142e-15
    1.133333333333333e+01     1.592934680066137e-01    -3.803643383575622e-14
    1.133333333333333e+01    -1.761381699922863e-17     4.754326648043008e-15
    1.141666666666667e+01     2.004557967794252e-01    -3.868379595195536e-14
    1.141666666666667e+01    -1.456107140056573e-17     4.769901447723029e-15
    1.150000000000000e+01     2.585508536054918e-01    -3.925564240086208e-14
    1.150000000000000e+01    -1.885729321928532e-17     4.774360501333597e-15
    1.158333333333333e+01     3.444193615143334e-01    -3.974903463627632e-14
    1.158333333333333e+01    -2.214291616241007e-17     4.780691847514028e-15
    1.166666666666667e+01     4.796165128822092e-01    -4.015524001495543e-14
    1.166666666666667e+01    -1.253924618065229e-17     4.796120779679146e-15
    1.175000000000000e+01     7.131167399008733e-01    -4.047929693353107e-14
    1.175000000000000e+01    -1.858517763337632e-17     4.798390805414503e-15
    1.183333333333333e+01     1.181645085200089e+00    -4.071542121973648e-14
    1.183333333333333e+01    -1.859086579502817e-17     4.801221056837521e-15
    1.191666666666667e+01     2.435813823635600e+00    -4.086051582670305e-14
    1.191666666666667e+01    -2.369919458804234e-17     4.788734809667460e-15
