8.05912
2.49513
0.864375
0.340196
0.152369
0.0768056
0.0428001
0.0258753
0.016692
0.0113355
0.00801787
0.00585852
0.00439416
0.0033667
0.00262499
0.00207664
0.00166297
0.00134548
0.00109819
0.000903105
0.000747493
0.000622167
0.000520379
0.000437097
0.00036851
0.000311703
0.000264413
0.000224868
0.000191669
0.000163699
0.000140059
0.000120024
0.000103002
8.85067e-05
7.61394e-05
6.55692e-05
5.65208e-05
4.87645e-05
4.2108e-05
3.63893e-05
3.14722e-05
2.72412e-05
2.35989e-05
2.04621e-05
1.77605e-05
1.54341e-05
1.34316e-05
1.17095e-05
1.02305e-05
8.963e-06
7.87998e-06
6.95853e-06
6.17924e-06
5.52579e-06
4.98455e-06
4.54427e-06
4.19581e-06
3.93196e-06
3.74729e-06
3.63799e-06
3.6018e-06
3.63799e-06
3.74729e-06
3.93196e-06
4.19581e-06
4.54427e-06
4.98455e-06
5.52579e-06
6.17924e-06
6.95853e-06
7.87998e-06
8.963e-06
1.02305e-05
1.17095e-05
1.34316e-05
1.54341e-05
1.77605e-05
2.04621e-05
2.35989e-05
2.72412e-05
3.14722e-05
3.63893e-05
4.2108e-05
4.87645e-05
5.65208e-05
6.55692e-05
7.61394e-05
8.85067e-05
0.000103002
0.000120024
0.000140059
0.000163699
0.000191669
0.000224868
0.000264413
0.000311703
0.00036851
0.000437097
0.000520379
0.000622167
0.000747493
0.000903105
0.00109819
0.00134548
0.00166297
0.00207664
0.00262499
0.0033667
0.00439416
0.00585852
0.00801787
0.0113355
0.016692
0.0258753
0.0428001
0.0768056
0.152369
0.340196
0.864375
2.49513
