4.169056354256481e-01
3.358514925487720e-02
4.424910071278944e-03
9.596382361034924e-04
2.865382673488169e-04
1.001760120938920e-04
3.772503932500335e-05
1.473808016438428e-05
5.871319040410728e-06
2.370524293842320e-06
9.807076264317675e-07
4.514673332044291e-07
3.149625886539781e-07
4.514673332044300e-07
9.807076264317781e-07
2.370524293842305e-06
5.871319040410758e-06
1.473808016438424e-05
3.772503932500359e-05
1.001760120938920e-04
2.865382673488161e-04
9.596382361034935e-04
4.424910071278943e-03
3.358514925487720e-02
