8.883528119612794e-02
3.711446122655696e-02
1.630633137695707e-02
7.555852241573313e-03
3.692030889447171e-03
1.896509689010944e-03
1.018684630246925e-03
5.684596394968115e-04
3.273658639037212e-04
1.933532074186867e-04
1.164997873136781e-04
7.129008460302527e-05
4.414890018305698e-05
2.759227465204925e-05
1.736609618626339e-05
1.098930501555658e-05
6.984128111343434e-06
4.455393519913199e-06
2.853675310273110e-06
1.838496864295529e-06
1.197654996560094e-06
7.988878972601241e-07
5.606682336394583e-07
4.346180092953020e-07
3.952491700728939e-07
4.346180092953022e-07
5.606682336394585e-07
7.988878972601249e-07
1.197654996560096e-06
1.838496864295533e-06
2.853675310273118e-06
4.455393519913204e-06
6.984128111343455e-06
1.098930501555660e-05
1.736609618626342e-05
2.759227465204931e-05
4.414890018305704e-05
7.129008460302535e-05
1.164997873136783e-04
1.933532074186869e-04
3.273658639037218e-04
5.684596394968123e-04
1.018684630246926e-03
1.896509689010946e-03
3.692030889447174e-03
7.555852241573318e-03
1.630633137695707e-02
3.711446122655698e-02
