3.835936180537443e+01
2.411179931860560e+00
3.048669033169749e-01
7.589815908551525e-02
2.907827319494657e-02
1.411189128936156e-02
7.853086255293485e-03
4.769070556665415e-03
3.075583666085617e-03
2.071513634979603e-03
1.441273073226333e-03
1.027996984658766e-03
7.475466140619132e-04
5.519728515514838e-04
4.125646735276365e-04
3.114088568514629e-04
2.369354136073093e-04
1.814486095266873e-04
1.396995437073573e-04
1.080304648142566e-04
8.384500743779470e-05
6.527074578693448e-05
5.093897504988079e-05
3.983736414178837e-05
3.120976218114145e-05
2.448646841016668e-05
1.923513474344506e-05
1.512562005897503e-05
1.190445604565117e-05
9.376230257936105e-06
7.389646250636363e-06
5.827210441166202e-06
4.597469678359238e-06
3.628983191557952e-06
2.865932239625458e-06
2.264609845491379e-06
1.790722646228464e-06
1.417380384812985e-06
1.123450020028320e-06
8.923636409902490e-07
7.111558306774396e-07
5.696418342615185e-07
4.598730113189258e-07
3.757220745450862e-07
3.124968093605482e-07
2.666515296636200e-07
2.356089252468096e-07
2.176384188875190e-07
2.117544992561650e-07
2.176384188875547e-07
2.356089252468007e-07
2.666515296636871e-07
3.124968093605438e-07
3.757220745450393e-07
4.598730113187604e-07
5.696418342615677e-07
7.111558306772475e-07
8.923636409899095e-07
1.123450020028410e-06
1.417380384813209e-06
1.790722646228169e-06
2.264609845491647e-06
2.865932239625315e-06
3.628983191557899e-06
4.597469678359221e-06
5.827210441167596e-06
7.389646250636507e-06
9.376230257937893e-06
1.190445604565167e-05
1.512562005897524e-05
1.923513474344192e-05
2.448646841016468e-05
3.120976218114295e-05
3.983736414178122e-05
5.093897504987608e-05
6.527074578692847e-05
8.384500743779842e-05
1.080304648142679e-04
1.396995437073432e-04
1.814486095266951e-04
2.369354136073136e-04
3.114088568514745e-04
4.125646735276299e-04
5.519728515515159e-04
7.475466140620058e-04
1.027996984658809e-03
1.441273073226367e-03
2.071513634979704e-03
3.075583666085407e-03
4.769070556665350e-03
7.853086255293558e-03
1.411189128936167e-02
2.907827319494704e-02
7.589815908551431e-02
3.048669033169734e-01
2.411179931860564e+00
