2.725793579971139e+01
9.345700265119902e-01
8.948560597642022e-02
2.141941580361266e-02
8.181357353525867e-03
3.905924536389419e-03
2.110445086660028e-03
1.231661422829836e-03
7.566218085832267e-04
4.816215171139887e-04
3.144403093070424e-04
2.091095257189641e-04
1.409669870077352e-04
9.600026023841787e-05
6.587957815917000e-05
4.547266846888550e-05
3.152632924726022e-05
2.193164745032610e-05
1.529698509977519e-05
1.069111068184885e-05
7.484039812149765e-06
5.245877000933892e-06
3.681266020371416e-06
2.586319369545521e-06
1.819741985986975e-06
1.283290894178823e-06
9.086235339157630e-07
6.482417542451846e-07
4.692462443916831e-07
3.490803067784221e-07
2.726087213282516e-07
2.302362640552841e-07
2.166728934976772e-07
2.302362640507082e-07
2.726087213273937e-07
3.490803067798521e-07
4.692462443956870e-07
6.482417542480445e-07
9.086235339163350e-07
1.283290894169099e-06
1.819741986012714e-06
2.586319369534653e-06
3.681266020356544e-06
5.245877000944187e-06
7.484039812128030e-06
1.069111068187630e-05
1.529698509979578e-05
2.193164745036729e-05
3.152632924727167e-05
4.547266846889008e-05
6.587957815922492e-05
9.600026023843160e-05
1.409669870076803e-04
2.091095257189641e-04
3.144403093068044e-04
4.816215171139978e-04
7.566218085834464e-04
1.231661422829808e-03
2.110445086660238e-03
3.905924536389437e-03
8.181357353526035e-03
2.141941580361303e-02
8.948560597641959e-02
9.345700265119908e-01
