9.666686457039902e-02
6.683615157942537e-02
4.661210187851733e-02
3.280277788569864e-02
2.330153750876511e-02
1.671161292908570e-02
1.210225442557050e-02
8.849872912335362e-03
6.534222658226716e-03
4.870315400790675e-03
3.663595964294746e-03
2.780308178095484e-03
2.127814068543549e-03
1.641459008973214e-03
1.275759319128019e-03
9.984565589302591e-04
7.864820023509120e-04
6.232003597467910e-04
4.965148227103508e-04
3.975553445719126e-04
3.197642203626928e-04
2.582540025187564e-04
2.093533087079019e-04
1.702831316160877e-04
1.389244139624080e-04
1.136498958303816e-04
9.320154674244532e-05
7.660055888682430e-05
6.308076580526844e-05
5.203903380363344e-05
4.299803866864368e-05
3.557814322976354e-05
2.947600880116797e-05
2.444822267564372e-05
2.029868699090418e-05
1.686884685280964e-05
1.403007494052093e-05
1.167770453995443e-05
9.726329604661572e-06
8.106084896377397e-06
6.759688011392391e-06
5.640077168718513e-06
4.708517343928287e-06
3.933075855032107e-06
3.287391379252026e-06
2.749676678360525e-06
2.301908633516772e-06
1.929168483292424e-06
1.619103295796919e-06
1.361486201582297e-06
1.147856125571053e-06
9.712228591127826e-07
8.258259586234523e-07
7.069373620030065e-07
6.107007002956049e-07
5.340011259173385e-07
4.743606411002320e-07
4.298552761442334e-07
3.990509933725892e-07
3.809561268793431e-07
3.749884955421073e-07
3.809561268793419e-07
3.990509933725865e-07
4.298552761442298e-07
4.743606411002271e-07
5.340011259173326e-07
6.107007002955977e-07
7.069373620029979e-07
8.258259586234407e-07
9.712228591127684e-07
1.147856125571036e-06
1.361486201582279e-06
1.619103295796895e-06
1.929168483292397e-06
2.301908633516740e-06
2.749676678360487e-06
3.287391379251988e-06
3.933075855032059e-06
4.708517343928230e-06
5.640077168718457e-06
6.759688011392317e-06
8.106084896377304e-06
9.726329604661464e-06
1.167770453995427e-05
1.403007494052079e-05
1.686884685280948e-05
2.029868699090398e-05
2.444822267564350e-05
2.947600880116767e-05
3.557814322976317e-05
4.299803866864343e-05
5.203903380363302e-05
6.308076580526789e-05
7.660055888682373e-05
9.320154674244460e-05
1.136498958303811e-04
1.389244139624073e-04
1.702831316160866e-04
2.093533087079008e-04
2.582540025187548e-04
3.197642203626914e-04
3.975553445719114e-04
4.965148227103492e-04
6.232003597467888e-04
7.864820023509104e-04
9.984565589302571e-04
1.275759319128019e-03
1.641459008973209e-03
2.127814068543546e-03
2.780308178095480e-03
3.663595964294736e-03
4.870315400790675e-03
6.534222658226710e-03
8.849872912335358e-03
1.210225442557049e-02
1.671161292908569e-02
2.330153750876512e-02
3.280277788569861e-02
4.661210187851732e-02
6.683615157942539e-02
