7.269086909546594e+00
1.671171623649309e+00
4.607701495793417e-01
1.558823439838739e-01
6.407038507007599e-02
3.096526446415166e-02
1.694961205656320e-02
1.017683197741038e-02
6.542268516702137e-03
4.425284152541544e-03
3.110832258907279e-03
2.252671750712991e-03
1.669641313762501e-03
1.260649081164757e-03
9.661766657740945e-04
7.495728577060796e-04
5.873950597617838e-04
4.641555887911161e-04
3.693329140517425e-04
2.956042115752145e-04
2.377641528556888e-04
1.920435376620475e-04
1.556683588346825e-04
1.265676369307532e-04
1.031756558529905e-04
8.429546517346352e-05
6.900303939348953e-05
5.657885037046208e-05
4.645834123673342e-05
3.819556818042469e-05
3.143618874961625e-05
2.589719182357100e-05
2.135148754261668e-05
1.761613762817398e-05
1.454324162845707e-05
1.201285333893485e-05
9.927443390928624e-06
8.207505026639465e-06
6.788101941209168e-06
5.616096225485812e-06
4.647931927581359e-06
3.847867559901557e-06
3.186530831436914e-06
2.639763451547805e-06
2.187680739106837e-06
1.813900750299739e-06
1.504924280859828e-06
1.249627115062638e-06
1.038840871293185e-06
8.650110307740998e-07
7.219185688182434e-07
6.044553475985652e-07
5.084340991523153e-07
4.304312221661327e-07
3.676736592460045e-07
3.179335446200119e-07
2.794398651410181e-07
2.508282931894032e-07
2.310897030333491e-07
2.195232035984056e-07
2.157136747671427e-07
2.195232035984021e-07
2.310897030333464e-07
2.508282931894006e-07
2.794398651410181e-07
3.179335446200223e-07
3.676736592460071e-07
4.304312221661544e-07
5.084340991523223e-07
6.044553475985739e-07
7.219185688182556e-07
8.650110307741033e-07
1.038840871293175e-06
1.249627115062614e-06
1.504924280859856e-06
1.813900750299770e-06
2.187680739106851e-06
2.639763451547749e-06
3.186530831437032e-06
3.847867559901627e-06
4.647931927581178e-06
5.616096225485868e-06
6.788101941209196e-06
8.207505026639048e-06
9.927443390928819e-06
1.201285333893485e-05
1.454324162845676e-05
1.761613762817364e-05
2.135148754261735e-05
2.589719182357006e-05
3.143618874961659e-05
3.819556818042279e-05
4.645834123673409e-05
5.657885037046052e-05
6.900303939348731e-05
8.429546517346061e-05
1.031756558529909e-04
1.265676369307526e-04
1.556683588346847e-04
1.920435376620524e-04
2.377641528556959e-04
2.956042115752114e-04
3.693329140517505e-04
4.641555887911232e-04
5.873950597617642e-04
7.495728577061224e-04
9.661766657740517e-04
1.260649081164753e-03
1.669641313762505e-03
2.252671750713041e-03
3.110832258907211e-03
4.425284152541713e-03
6.542268516702252e-03
1.017683197741048e-02
1.694961205656316e-02
3.096526446415157e-02
6.407038507007551e-02
1.558823439838745e-01
4.607701495793406e-01
1.671171623649308e+00
