7.161963635641774e-01
1.980690664304472e-01
6.219973479366889e-02
2.254938317266600e-02
9.444446458061908e-03
4.499668405632847e-03
2.379031200461265e-03
1.360569098289295e-03
8.237551528772895e-04
5.195108556176571e-04
3.373537128051137e-04
2.237456317634050e-04
1.507100785920634e-04
1.026859733130899e-04
7.056929706705427e-05
4.881465499606528e-05
3.393485255676902e-05
2.368123430586354e-05
1.657489166088226e-05
1.162796716313720e-05
8.172521110790901e-06
5.752593804034052e-06
4.054598042388412e-06
2.861617299368641e-06
2.022953551034322e-06
1.433596546718960e-06
1.020263445428995e-06
7.318364431041980e-07
5.327944193158936e-07
3.987050868368672e-07
3.131482345448033e-07
2.656643202263926e-07
2.504551018672192e-07
2.656643202263917e-07
3.131482345448031e-07
3.987050868368667e-07
5.327944193158939e-07
7.318364431041970e-07
1.020263445428994e-06
1.433596546718961e-06
2.022953551034330e-06
2.861617299368652e-06
4.054598042388411e-06
5.752593804034028e-06
8.172521110790882e-06
1.162796716313716e-05
1.657489166088231e-05
2.368123430586336e-05
3.393485255676921e-05
4.881465499606540e-05
7.056929706705419e-05
1.026859733130893e-04
1.507100785920625e-04
2.237456317634061e-04
3.373537128051130e-04
5.195108556176610e-04
8.237551528772885e-04
1.360569098289292e-03
2.379031200461269e-03
4.499668405632834e-03
9.444446458061917e-03
2.254938317266597e-02
6.219973479366887e-02
1.980690664304471e-01
