7.199248357656976e-02
1.528296373051851e-02
3.774607860459074e-03
1.084050552896564e-03
3.536177671285059e-04
1.266742596863768e-04
4.831097859356048e-05
1.917155284312794e-05
7.800764208739155e-06
3.233455951184885e-06
1.380710529487091e-06
6.596201983034832e-07
4.708710863644877e-07
6.596201983034834e-07
1.380710529487092e-06
3.233455951184884e-06
7.800764208739147e-06
1.917155284312795e-05
4.831097859356046e-05
1.266742596863768e-04
3.536177671285057e-04
1.084050552896564e-03
3.774607860459072e-03
1.528296373051851e-02
