4.549571149753450e+01
3.924505515012759e+00
5.872859725502907e-01
1.523911652289682e-01
5.836422625251829e-02
2.828207043077785e-02
1.579973103905322e-02
9.675568496912345e-03
6.314047491006637e-03
4.315963339749485e-03
3.055589928122400e-03
2.223137387041703e-03
1.652859389288137e-03
1.250462066612582e-03
9.595506790094357e-04
7.449635304770549e-04
5.839913781252627e-04
4.615176332054665e-04
3.672131203641946e-04
2.938570198100230e-04
2.362994209076930e-04
1.908020705801992e-04
1.546088617270155e-04
1.256596381817819e-04
1.023955593626145e-04
8.362432969393549e-05
6.842524891430839e-05
5.608128868958567e-05
4.602988909146942e-05
3.782668851013585e-05
3.111870478336331e-05
2.562405488302801e-05
2.111659999906760e-05
1.741425599705359e-05
1.436980414289828e-05
1.186393555419788e-05
9.799650275155794e-06
8.097885422333538e-06
6.694139866608433e-06
5.535593448452235e-06
4.578990714539854e-06
3.788861780726246e-06
3.136029157256174e-06
2.596553493799607e-06
2.150733980013990e-06
1.782313073097862e-06
1.477914059037543e-06
1.226524470338638e-06
1.019069473574305e-06
8.480582951533907e-07
7.073462928011913e-07
5.919143407536865e-07
4.976044364897673e-07
4.210062436650437e-07
3.593990640013799e-07
3.105918283131812e-07
2.728285260546730e-07
2.447719198938460e-07
2.254324730522531e-07
2.141056245223474e-07
2.103746929029000e-07
2.141056245223474e-07
2.254324730522419e-07
2.447719198938616e-07
2.728285260546261e-07
3.105918283131164e-07
3.593990640014469e-07
4.210062436650839e-07
4.976044364897896e-07
5.919143407536194e-07
7.073462928011869e-07
8.480582951533907e-07
1.019069473574403e-06
1.226524470338674e-06
1.477914059037471e-06
1.782313073097666e-06
2.150733980014079e-06
2.596553493799643e-06
3.136029157256603e-06
3.788861780725888e-06
4.578990714539532e-06
5.535593448451663e-06
6.694139866608003e-06
8.097885422333682e-06
9.799650275157725e-06
1.186393555419666e-05
1.436980414289842e-05
1.741425599705330e-05
2.111659999906960e-05
2.562405488302873e-05
3.111870478336759e-05
3.782668851013585e-05
4.602988909147428e-05
5.608128868958967e-05
6.842524891430496e-05
8.362432969393951e-05
1.023955593626162e-04
1.256596381817745e-04
1.546088617270120e-04
1.908020705801935e-04
2.362994209077341e-04
2.938570198099967e-04
3.672131203641648e-04
4.615176332055145e-04
5.839913781252192e-04
7.449635304770869e-04
9.595506790092939e-04
1.250462066612408e-03
1.652859389288164e-03
2.223137387041510e-03
3.055589928122354e-03
4.315963339749448e-03
6.314047491006820e-03
9.675568496911834e-03
1.579973103905289e-02
2.828207043077825e-02
5.836422625251778e-02
1.523911652289659e-01
5.872859725502889e-01
3.924505515012748e+00
