2.304086555530959e+00
5.601933495632822e-02
4.338341725604633e-03
8.823119598464946e-04
2.671296138511919e-04
9.405873732369079e-05
3.539809562176439e-05
1.376368483469352e-05
5.445398084191715e-06
2.180460843062053e-06
8.935091427269428e-07
4.068523895299607e-07
2.819140826534244e-07
4.068523895397688e-07
8.935091427282802e-07
2.180460843067403e-06
5.445398084205090e-06
1.376368483467033e-05
3.539809562172515e-05
9.405873732371933e-05
2.671296138512026e-04
8.823119598464946e-04
4.338341725604490e-03
5.601933495632817e-02
