9.262682591566369e-02
4.731399664534101e-02
2.489330034864245e-02
1.351400789806123e-02
7.575557402825219e-03
4.383329742788315e-03
2.614125173058067e-03
1.603216908724128e-03
1.008271633571780e-03
6.482630457498394e-04
4.247985129069884e-04
2.828902976586480e-04
1.909508963139211e-04
1.303461765657891e-04
8.980353587192951e-05
6.234273366153962e-05
4.354859564736091e-05
3.057469227045044e-05
2.155481069326313e-05
1.524732857100764e-05
1.081568644622877e-05
7.690163527207731e-06
5.479254965541153e-06
3.911917360451076e-06
2.799382375997632e-06
2.009592946746089e-06
1.449908337490525e-06
1.055307440029779e-06
7.803005920178476e-07
5.933780319432011e-07
4.732229858287005e-07
4.061793734857137e-07
3.846445264885319e-07
4.061793734857138e-07
4.732229858287003e-07
5.933780319432010e-07
7.803005920178478e-07
1.055307440029780e-06
1.449908337490524e-06
2.009592946746091e-06
2.799382375997638e-06
3.911917360451087e-06
5.479254965541150e-06
7.690163527207731e-06
1.081568644622878e-05
1.524732857100765e-05
2.155481069326314e-05
3.057469227045049e-05
4.354859564736095e-05
6.234273366153976e-05
8.980353587192960e-05
1.303461765657892e-04
1.909508963139211e-04
2.828902976586479e-04
4.247985129069885e-04
6.482630457498397e-04
1.008271633571780e-03
1.603216908724128e-03
2.614125173058068e-03
4.383329742788318e-03
7.575557402825226e-03
1.351400789806125e-02
2.489330034864245e-02
4.731399664534097e-02
