8.551941216815498e-01
4.819035324665362e-01
2.779647394790817e-01
1.644547765926987e-01
9.996758224852509e-02
6.250676414713885e-02
4.022289060385251e-02
2.663344854982973e-02
1.813170833552607e-02
1.267411876944857e-02
9.080198844846109e-03
6.654076135151531e-03
4.976889382876081e-03
3.791111535485472e-03
2.935008140840495e-03
2.304847906744120e-03
1.832718341738468e-03
1.473261556847813e-03
1.195596261091822e-03
9.783075641845102e-04
8.062832769769496e-04
6.686809443200868e-04
5.575991451707512e-04
4.671947604119404e-04
3.930872114725315e-04
3.319502472790398e-04
2.812281452210256e-04
2.389356439476045e-04
2.035150120154482e-04
1.737326291696207e-04
1.486032430038798e-04
1.273338494149788e-04
1.092816549854479e-04
9.392226031898510e-05
8.082534205131319e-05
6.963589071056101e-05
6.005961219879293e-05
5.185147501362457e-05
4.480665599084232e-05
3.875333127809458e-05
3.354689749368701e-05
2.906531319627873e-05
2.520531906360256e-05
2.187935610606885e-05
1.901304101895715e-05
1.654308850040075e-05
1.441559559355540e-05
1.258461745378446e-05
1.101098584077699e-05
9.661323748083170e-06
8.507221214189179e-06
7.524550694487301e-06
6.692892086148140e-06
5.995054341935610e-06
5.416680751336164e-06
4.945918799520661e-06
4.573153871467442e-06
4.290794799145109e-06
4.093102918830215e-06
3.976067842313456e-06
3.937318023696247e-06
3.976067842313432e-06
4.093102918830210e-06
4.290794799145098e-06
4.573153871467439e-06
4.945918799520555e-06
5.416680751336150e-06
5.995054341935542e-06
6.692892086148107e-06
7.524550694487220e-06
8.507221214189052e-06
9.661323748083100e-06
1.101098584077679e-05
1.258461745378420e-05
1.441559559355523e-05
1.654308850040063e-05
1.901304101895709e-05
2.187935610606856e-05
2.520531906360225e-05
2.906531319627844e-05
3.354689749368668e-05
3.875333127809384e-05
4.480665599084193e-05
5.185147501362346e-05
6.005961219879246e-05
6.963589071056050e-05
8.082534205131289e-05
9.392226031898435e-05
1.092816549854466e-04
1.273338494149772e-04
1.486032430038811e-04
1.737326291696206e-04
2.035150120154499e-04
2.389356439476013e-04
2.812281452210264e-04
3.319502472790392e-04
3.930872114725315e-04
4.671947604119389e-04
5.575991451707466e-04
6.686809443200840e-04
8.062832769769400e-04
9.783075641845015e-04
1.195596261091828e-03
1.473261556847820e-03
1.832718341738469e-03
2.304847906744116e-03
2.935008140840492e-03
3.791111535485444e-03
4.976889382876081e-03
6.654076135151507e-03
9.080198844846097e-03
1.267411876944852e-02
1.813170833552603e-02
2.663344854982979e-02
4.022289060385242e-02
6.250676414713885e-02
9.996758224852499e-02
1.644547765926987e-01
2.779647394790818e-01
4.819035324665364e-01
