6.548669962825536e+00
1.162409088610719e+00
2.663035443776898e-01
8.100836844336810e-02
3.174038121960411e-02
1.508051170523748e-02
8.207651625468548e-03
4.907321633552213e-03
3.133842766033513e-03
2.098260122123413e-03
1.454782589321015e-03
1.035574188289612e-03
7.522709525769538e-04
5.552083402599799e-04
4.149469495387057e-04
3.132520616874091e-04
2.384065339739047e-04
1.826444248095893e-04
1.406816405651081e-04
1.088415348417529e-04
8.451671173820429e-05
6.582774895497357e-05
5.140101539594517e-05
4.022058836123266e-05
3.152746250965401e-05
2.474967567629712e-05
1.945303045896451e-05
1.530585198155982e-05
1.205342142957927e-05
9.499236039767911e-06
7.491132976793748e-06
5.910880436773539e-06
4.666377087686081e-06
3.685711632208304e-06
2.912618304859919e-06
2.303012619312815e-06
1.822317704990296e-06
1.443380604391878e-06
1.144878486740316e-06
9.100686891326987e-07
7.258141193562880e-07
5.818288085876952e-07
4.700871305041372e-07
3.843716302484066e-07
3.199254515139293e-07
2.731670437196006e-07
2.415030758681505e-07
2.231808848553506e-07
2.171829576697052e-07
2.231808848553493e-07
2.415030758681601e-07
2.731670437196023e-07
3.199254515139380e-07
3.843716302484014e-07
4.700871305041276e-07
5.818288085877038e-07
7.258141193563158e-07
9.100686891327126e-07
1.144878486740330e-06
1.443380604391884e-06
1.822317704990324e-06
2.303012619312829e-06
2.912618304859905e-06
3.685711632208346e-06
4.666377087686206e-06
5.910880436773496e-06
7.491132976793944e-06
9.499236039767826e-06
1.205342142957980e-05
1.530585198156002e-05
1.945303045896479e-05
2.474967567629795e-05
3.152746250965479e-05
4.022058836123144e-05
5.140101539594495e-05
6.582774895497412e-05
8.451671173820406e-05
1.088415348417556e-04
1.406816405651054e-04
1.826444248095942e-04
2.384065339739060e-04
3.132520616874180e-04
4.149469495386860e-04
5.552083402599781e-04
7.522709525769378e-04
1.035574188289617e-03
1.454782589320981e-03
2.098260122123356e-03
3.133842766033559e-03
4.907321633552128e-03
8.207651625468571e-03
1.508051170523741e-02
3.174038121960407e-02
8.100836844336831e-02
2.663035443776899e-01
1.162409088610721e+00
