6.373732005265211e-01
1.283695283922034e-01
3.160229280977208e-02
9.752746060666591e-03
3.715362793576241e-03
1.668805894827225e-03
8.402791279694056e-04
4.559796130408147e-04
2.597276384437267e-04
1.527177157304711e-04
9.172539995869066e-05
5.589703220272427e-05
3.440822549105632e-05
2.133131736298163e-05
1.329151033153399e-05
8.312566624475241e-06
5.213404973913436e-06
3.277712391841905e-06
2.066495776614276e-06
1.308837924634289e-06
8.369665465136703e-07
5.471502654770578e-07
3.760086284527928e-07
2.862462577956753e-07
2.583454678166402e-07
2.862462577956746e-07
3.760086284527946e-07
5.471502654770601e-07
8.369665465136700e-07
1.308837924634296e-06
2.066495776614285e-06
3.277712391841934e-06
5.213404973913476e-06
8.312566624475272e-06
1.329151033153409e-05
2.133131736298173e-05
3.440822549105651e-05
5.589703220272421e-05
9.172539995869074e-05
1.527177157304717e-04
2.597276384437261e-04
4.559796130408152e-04
8.402791279694000e-04
1.668805894827224e-03
3.715362793576240e-03
9.752746060666576e-03
3.160229280977210e-02
1.283695283922034e-01
