1.085534619763237e+01
7.636328234079701e-02
4.211179416992342e-03
8.690486039514064e-04
2.650689494304979e-04
9.333386654816323e-05
3.506791185534977e-05
1.360755485306829e-05
5.371832737651011e-06
2.146022409621069e-06
8.771954701320003e-07
3.983249224320207e-07
2.755449228908584e-07
3.983249221025551e-07
8.771954692534253e-07
2.146022410353214e-06
5.371832738712622e-06
1.360755485204328e-05
3.506791185556941e-05
9.333386655006681e-05
2.650689494284479e-04
8.690486039525779e-04
4.211179416987657e-03
7.636328234080432e-02
