9.743505918069655e-02
7.374424602339615e-02
5.608554287455417e-02
4.287083699180431e-02
3.294045476590679e-02
2.544547712944712e-02
1.976281847227496e-02
1.543385484005543e-02
1.211999850525897e-02
9.570482931297020e-03
7.598957843557711e-03
6.066450479031058e-03
4.868934413760479e-03
3.928238920910486e-03
3.185384728064098e-03
2.595685691868748e-03
2.125138422822514e-03
1.747753385929537e-03
1.443575864839593e-03
1.197213710652698e-03
9.967383868883573e-04
8.328617645875928e-04
6.983172199053217e-04
5.873925711119086e-04
4.955762320630355e-04
4.192880690061003e-04
3.556738513374175e-04
3.024476194247597e-04
2.577702919263898e-04
2.201557847032755e-04
1.883980968429234e-04
1.615144384314299e-04
1.387006813359930e-04
1.192963139851089e-04
1.027567559865225e-04
8.863139505285756e-05
7.654609144448163e-05
6.618918428135733e-05
5.730025386857624e-05
4.966106195463019e-05
4.308821980965182e-05
3.742723265965388e-05
3.254764451537625e-05
2.833906679726959e-05
2.470791884598972e-05
2.157474470227255e-05
1.887199790980758e-05
1.654220795387506e-05
1.453645923992191e-05
1.281312710739400e-05
1.133682611261718e-05
1.007753438140647e-05
9.009865172511544e-06
8.112461513293561e-06
7.367495305207474e-06
6.760255176493855e-06
6.278810572430788e-06
5.913742620394956e-06
5.657933311710736e-06
5.506407588301351e-06
5.456223537360972e-06
5.506407588301342e-06
5.657933311710725e-06
5.913742620394937e-06
6.278810572430780e-06
6.760255176493806e-06
7.367495305207429e-06
8.112461513293496e-06
9.009865172511486e-06
1.007753438140639e-05
1.133682611261712e-05
1.281312710739387e-05
1.453645923992181e-05
1.654220795387495e-05
1.887199790980740e-05
2.157474470227233e-05
2.470791884598958e-05
2.833906679726935e-05
3.254764451537599e-05
3.742723265965351e-05
4.308821980965150e-05
4.966106195462983e-05
5.730025386857605e-05
6.618918428135695e-05
7.654609144448108e-05
8.863139505285699e-05
1.027567559865218e-04
1.192963139851082e-04
1.387006813359923e-04
1.615144384314292e-04
1.883980968429227e-04
2.201557847032746e-04
2.577702919263886e-04
3.024476194247585e-04
3.556738513374163e-04
4.192880690060985e-04
4.955762320630327e-04
5.873925711119075e-04
6.983172199053196e-04
8.328617645875917e-04
9.967383868883550e-04
1.197213710652693e-03
1.443575864839592e-03
1.747753385929535e-03
2.125138422822511e-03
2.595685691868743e-03
3.185384728064092e-03
3.928238920910480e-03
4.868934413760475e-03
6.066450479031046e-03
7.598957843557703e-03
9.570482931297015e-03
1.211999850525898e-02
1.543385484005542e-02
1.976281847227496e-02
2.544547712944711e-02
3.294045476590682e-02
4.287083699180431e-02
5.608554287455417e-02
7.374424602339612e-02
