9.570979869090204e-02
6.054960037022845e-02
3.882502987765482e-02
2.525006026248708e-02
1.666406628077987e-02
1.116310331746208e-02
7.590744283446988e-03
5.238207199188137e-03
3.666780957501149e-03
2.602030451189477e-03
1.870339426758350e-03
1.360564039030082e-03
1.000671580186721e-03
7.433827495918597e-04
5.572638851004274e-04
4.211448564898223e-04
3.205840276882077e-04
2.456049696203487e-04
1.892309960800522e-04
1.465253295147885e-04
1.139551070066412e-04
8.896504375473307e-05
6.968832410537051e-05
5.474830734079840e-05
4.312099753481235e-05
3.403861757057539e-05
2.692128894887612e-05
2.132813451726096e-05
1.692194237931934e-05
1.344339468214309e-05
1.069210852363587e-05
8.512574291129570e-06
6.783646426113576e-06
5.410633288297712e-06
4.319305426361013e-06
3.451329634273978e-06
2.760770778169357e-06
2.211399177907951e-06
1.774609975291925e-06
1.427809624935511e-06
1.153161052215059e-06
9.366074175831835e-07
7.671118343934851e-07
6.360662241752235e-07
5.368350476486974e-07
4.644058940637710e-07
4.151270092687222e-07
3.865174155471318e-07
3.771380858346109e-07
3.865174155471330e-07
4.151270092687250e-07
4.644058940637748e-07
5.368350476487018e-07
6.360662241752305e-07
7.671118343934930e-07
9.366074175831958e-07
1.153161052215072e-06
1.427809624935529e-06
1.774609975291944e-06
2.211399177907979e-06
2.760770778169383e-06
3.451329634274013e-06
4.319305426361056e-06
5.410633288297771e-06
6.783646426113647e-06
8.512574291129657e-06
1.069210852363596e-05
1.344339468214320e-05
1.692194237931946e-05
2.132813451726111e-05
2.692128894887633e-05
3.403861757057563e-05
4.312099753481254e-05
5.474830734079876e-05
6.968832410537096e-05
8.896504375473361e-05
1.139551070066417e-04
1.465253295147891e-04
1.892309960800530e-04
2.456049696203496e-04
3.205840276882084e-04
4.211448564898234e-04
5.572638851004287e-04
7.433827495918624e-04
1.000671580186723e-03
1.360564039030084e-03
1.870339426758352e-03
2.602030451189482e-03
3.666780957501152e-03
5.238207199188139e-03
7.590744283446997e-03
1.116310331746208e-02
1.666406628077987e-02
2.525006026248709e-02
3.882502987765486e-02
6.054960037022849e-02
