5.535147562012962e+01
7.024786245733364e+00
1.320241661469206e+00
3.717844427383777e-01
1.440539968527369e-01
6.946131141897904e-02
3.868700136209816e-02
2.373399733318728e-02
1.557920665489129e-02
1.074551032510741e-02
7.696350659152019e-03
5.677971730935484e-03
4.289617380335098e-03
3.304253218483010e-03
2.586491616590149e-03
2.052098887080291e-03
1.646760583682649e-03
1.334366424220331e-03
1.090263812078661e-03
8.972269469820991e-04
7.429698702235117e-04
6.185684813477778e-04
5.174338026208684e-04
4.346288821900135e-04
3.664052224946634e-04
3.098821622550867e-04
2.628217313508603e-04
2.234678644546416e-04
1.904300754180583e-04
1.625982506254114e-04
1.390794074921534e-04
1.191502469809470e-04
1.022212884296278e-04
8.780924869964311e-05
7.551589721124266e-05
6.501150722978747e-05
5.602189270553725e-05
4.831816077074803e-05
4.170855122612229e-05
3.603186793975852e-05
3.115221995614432e-05
2.695479390360258e-05
2.334231180389225e-05
2.023223876462999e-05
1.755439673387439e-05
1.524906596423959e-05
1.326533579722148e-05
1.155982082175495e-05
1.009556021362682e-05
8.840999782212914e-06
7.769330832821546e-06
6.857739866284429e-06
6.086957828262497e-06
5.440812543527630e-06
4.905715675337628e-06
4.470496993350990e-06
4.126110213993827e-06
3.865391865835969e-06
3.682926251429577e-06
3.574934288256171e-06
3.539186756843655e-06
3.574934288255957e-06
3.682926251429076e-06
3.865391865835504e-06
4.126110213993612e-06
4.470496993350739e-06
4.905715675337378e-06
5.440812543529060e-06
6.086957828262068e-06
6.857739866284214e-06
7.769330832822405e-06
8.840999782213700e-06
1.009556021362960e-05
1.155982082175681e-05
1.326533579721919e-05
1.524906596423987e-05
1.755439673387410e-05
2.023223876462499e-05
2.334231180389254e-05
2.695479390360230e-05
3.115221995614862e-05
3.603186793974966e-05
4.170855122612572e-05
4.831816077074574e-05
5.602189270554468e-05
6.501150722978289e-05
7.551589721123465e-05
8.780924869964311e-05
1.022212884296164e-04
1.191502469809607e-04
1.390794074921752e-04
1.625982506254262e-04
1.904300754180652e-04
2.234678644546050e-04
2.628217313508557e-04
3.098821622550478e-04
3.664052224947457e-04
4.346288821899586e-04
5.174338026208134e-04
6.185684813478327e-04
7.429698702236902e-04
8.972269469820624e-04
1.090263812078698e-03
1.334366424220597e-03
1.646760583682722e-03
2.052098887080511e-03
2.586491616590149e-03
3.304253218483156e-03
4.289617380334915e-03
5.677971730935539e-03
7.696350659152421e-03
1.074551032510660e-02
1.557920665489126e-02
2.373399733318713e-02
3.868700136209793e-02
6.946131141898036e-02
1.440539968527391e-01
3.717844427383773e-01
1.320241661469211e+00
7.024786245733358e+00
