2.101449901626003e+01
4.595772476764428e-01
3.699525054552923e-02
8.693622973038075e-03
3.253147387035759e-03
1.496914168731955e-03
7.696120821195238e-04
4.228329808199707e-04
2.423031874393277e-04
1.427562249496990e-04
8.569634888431722e-05
5.210935896222512e-05
3.197102269777313e-05
1.973923599521355e-05
1.224181674035037e-05
7.616705871735442e-06
4.750674902011589e-06
2.969426691135189e-06
1.860707123959904e-06
1.170928041538244e-06
7.436640114552086e-07
4.825964305353239e-07
3.291221131507810e-07
2.488842514212817e-07
2.239837045495655e-07
2.488842513984022e-07
3.291221132034040e-07
4.825964305124444e-07
7.436640114140253e-07
1.170928041529092e-06
1.860707123852370e-06
2.969426691029943e-06
4.750674901915495e-06
7.616705871680531e-06
1.224181674030003e-05
1.973923599534167e-05
3.197102269769992e-05
5.210935896202378e-05
8.569634888414334e-05
1.427562249495160e-04
2.423031874393277e-04
4.228329808197328e-04
7.696120821189198e-04
1.496914168731039e-03
3.253147387036125e-03
8.693622973037014e-03
3.699525054552893e-02
4.595772476764390e-01
