8.285785386587208e-01
3.918536474604730e-01
1.930422631308288e-01
9.949214428163032e-02
5.380485035728508e-02
3.056710782297001e-02
1.822780131021398e-02
1.137970841848781e-02
7.408617899102973e-03
5.006283082152572e-03
3.494053532994736e-03
2.506786316852563e-03
1.840758360869254e-03
1.378213654845077e-03
1.048735749251191e-03
8.088393207451942e-04
6.308473106353438e-04
4.966430415326871e-04
3.940573228991534e-04
3.147205295855545e-04
2.527515263913535e-04
2.039371485543601e-04
1.652064326417925e-04
1.342861390328663e-04
1.094703057001678e-04
8.946304977295314e-05
7.326937842440010e-05
6.011806243711546e-05
4.940630733485365e-05
4.065949521132516e-05
3.350150361266947e-05
2.763256510030018e-05
2.281256567810042e-05
1.884832492405903e-05
1.558381830892875e-05
1.289259984404410e-05
1.067188803948837e-05
8.837915961818468e-06
7.322256429237875e-06
6.068899399175679e-06
5.031918218743163e-06
4.173596297423124e-06
3.462917656490372e-06
2.874349058707244e-06
2.386851057795900e-06
1.983074358682009e-06
1.648704754495167e-06
1.371928767377827e-06
1.142997574355091e-06
9.538680047370464e-07
7.979096792027349e-07
6.696665445828513e-07
5.646602792822075e-07
4.792294082447584e-07
4.103985900803450e-07
3.557729794628603e-07
3.134537430577073e-07
2.819710634134490e-07
2.602322264860692e-07
2.474831451644855e-07
2.432819452804321e-07
2.474831451644869e-07
2.602322264860682e-07
2.819710634134503e-07
3.134537430577091e-07
3.557729794628613e-07
4.103985900803393e-07
4.792294082447590e-07
5.646602792822099e-07
6.696665445828516e-07
7.979096792027414e-07
9.538680047370445e-07
1.142997574355098e-06
1.371928767377835e-06
1.648704754495163e-06
1.983074358682028e-06
2.386851057795894e-06
2.874349058707228e-06
3.462917656490381e-06
4.173596297423099e-06
5.031918218743170e-06
6.068899399175690e-06
7.322256429237901e-06
8.837915961818549e-06
1.067188803948843e-05
1.289259984404407e-05
1.558381830892865e-05
1.884832492405909e-05
2.281256567810044e-05
2.763256510030027e-05
3.350150361266967e-05
4.065949521132514e-05
4.940630733485367e-05
6.011806243711493e-05
7.326937842439964e-05
8.946304977295488e-05
1.094703057001687e-04
1.342861390328667e-04
1.652064326417916e-04
2.039371485543597e-04
2.527515263913574e-04
3.147205295855565e-04
3.940573228991579e-04
4.966430415326845e-04
6.308473106353416e-04
8.088393207451952e-04
1.048735749251197e-03
1.378213654845076e-03
1.840758360869254e-03
2.506786316852575e-03
3.494053532994739e-03
5.006283082152578e-03
7.408617899102962e-03
1.137970841848784e-02
1.822780131021396e-02
3.056710782296997e-02
5.380485035728516e-02
9.949214428163032e-02
1.930422631308287e-01
3.918536474604731e-01
