7.982203988027259e-01
3.199382797326413e-01
1.364616004498637e-01
6.239153969007415e-02
3.069785802010572e-02
1.624709462537407e-02
9.207648473202235e-03
5.545723761049310e-03
3.518243304349274e-03
2.329988894279421e-03
1.597721082466316e-03
1.126550336727677e-03
8.121489655283441e-04
5.959196832103311e-04
4.434624765582236e-04
3.337564357181999e-04
2.534871640312800e-04
1.939498218922622e-04
1.492931963451457e-04
1.154884379851946e-04
8.970334758227018e-05
6.991119592889160e-05
5.463939905480215e-05
4.280400386107747e-05
3.359822573017985e-05
2.641587250679213e-05
2.079778578125622e-05
1.639378186631616e-05
1.293522227784628e-05
1.021499629612687e-05
8.072751995780616e-06
6.383892470839408e-06
5.051308164190769e-06
3.999118963203168e-06
3.167906616366021e-06
2.511062278937762e-06
1.991975673749898e-06
1.581862359394466e-06
1.258078853578454e-06
1.002813638021443e-06
8.020679063378939e-07
6.448622205780348e-07
5.226176505674475e-07
4.286742554104634e-07
3.579215108834048e-07
3.065158545709344e-07
2.716674893376949e-07
2.514865114852589e-07
2.448789180161592e-07
2.514865114852580e-07
2.716674893376954e-07
3.065158545709379e-07
3.579215108834029e-07
4.286742554104607e-07
5.226176505674467e-07
6.448622205780360e-07
8.020679063378936e-07
1.002813638021441e-06
1.258078853578441e-06
1.581862359394470e-06
1.991975673749898e-06
2.511062278937756e-06
3.167906616366026e-06
3.999118963203178e-06
5.051308164190749e-06
6.383892470839412e-06
8.072751995780599e-06
1.021499629612680e-05
1.293522227784630e-05
1.639378186631612e-05
2.079778578125637e-05
2.641587250679208e-05
3.359822573017956e-05
4.280400386107749e-05
5.463939905480214e-05
6.991119592889232e-05
8.970334758226992e-05
1.154884379851959e-04
1.492931963451454e-04
1.939498218922627e-04
2.534871640312793e-04
3.337564357182001e-04
4.434624765582269e-04
5.959196832103266e-04
8.121489655283447e-04
1.126550336727675e-03
1.597721082466306e-03
2.329988894279413e-03
3.518243304349287e-03
5.545723761049302e-03
9.207648473202292e-03
1.624709462537402e-02
3.069785802010575e-02
6.239153969007415e-02
1.364616004498637e-01
3.199382797326414e-01
