5.133705925410859e+00
5.402646280270664e-01
8.818317221846594e-02
2.301995148833911e-02
8.593197370563351e-03
4.011761371894212e-03
2.141876627167966e-03
1.243018680341907e-03
7.617795006440866e-04
4.845206824362043e-04
3.163328006265140e-04
2.104510039722685e-04
1.419555625778073e-04
9.674096370859961e-05
6.643807480111129e-05
4.589452520929032e-05
3.184491229294335e-05
2.217195528690765e-05
1.547796044922487e-05
1.082717172522785e-05
7.586137739029820e-06
5.322335657766398e-06
3.738450753949131e-06
2.629044838590052e-06
1.851621020885777e-06
1.307092402054234e-06
9.264547497109746e-07
6.616995955342134e-07
4.795561706497592e-07
3.571937179286960e-07
2.792951550928407e-07
2.361327688937499e-07
2.223188727020481e-07
2.361327688937543e-07
2.792951550928511e-07
3.571937179287117e-07
4.795561706497635e-07
6.616995955341995e-07
9.264547497109781e-07
1.307092402054220e-06
1.851621020885826e-06
2.629044838590024e-06
3.738450753949103e-06
5.322335657766383e-06
7.586137739029931e-06
1.082717172522754e-05
1.547796044922481e-05
2.217195528690804e-05
3.184491229294362e-05
4.589452520929110e-05
6.643807480111474e-05
9.674096370860452e-05
1.419555625778102e-04
2.104510039722654e-04
3.163328006265114e-04
4.845206824362052e-04
7.617795006440777e-04
1.243018680341923e-03
2.141876627168025e-03
4.011761371894205e-03
8.593197370563230e-03
2.301995148833900e-02
8.818317221846571e-02
5.402646280270665e-01
