4.162951842046422e+00
2.922684049162411e-01
3.783531979757545e-02
9.158675881169994e-03
3.338580311280467e-03
1.515731751791051e-03
7.754692533871161e-04
4.254790210492147e-04
2.438393531033157e-04
1.437556725943130e-04
8.637381673351178e-05
5.257430219542471e-05
3.229081457703185e-05
1.995887830725681e-05
1.239225680949398e-05
7.719398991767148e-06
4.820554668023756e-06
3.016844777210640e-06
1.892825464930594e-06
1.192707589823242e-06
7.585373997695618e-07
4.929638375492784e-07
3.367002463233180e-07
2.549660721853710e-07
2.296002282571268e-07
2.549660721853705e-07
3.367002463233258e-07
4.929638375492749e-07
7.585373997695635e-07
1.192707589823278e-06
1.892825464930562e-06
3.016844777210633e-06
4.820554668023638e-06
7.719398991767163e-06
1.239225680949428e-05
1.995887830725659e-05
3.229081457703118e-05
5.257430219542449e-05
8.637381673351323e-05
1.437556725943143e-04
2.438393531033172e-04
4.254790210492130e-04
7.754692533871285e-04
1.515731751791074e-03
3.338580311280434e-03
9.158675881170048e-03
3.783531979757521e-02
2.922684049162417e-01
