# n_max = 40
9.999950652018582e-01 1.334130901581814e+02
9.999802608561371e-01 1.325841972738534e+02
9.999555871089498e-01 1.312103295334505e+02
9.999210442038161e-01 1.293028348303899e+02
9.998766324816606e-01 1.268774357861719e+02
9.998223523808090e-01 1.239540676052316e+02
9.997582044369840e-01 1.205566728340316e+02
9.996841892832999e-01 1.167129553926165e+02
9.996003076502565e-01 1.124540967130359e+02
9.995065603657316e-01 1.078144372496247e+02
9.994029483549729e-01 1.028311270170333e+02
9.992894726405892e-01 9.754374915726061e+01
9.991661343425401e-01 9.199392083337780e+01
9.990329346781247e-01 8.622487599128219e+01
9.988898749619700e-01 8.028103471881666e+01
9.987369566060175e-01 7.420756406188244e+01
9.985741811195098e-01 6.804993522837593e+01
9.984015501089750e-01 6.185348212202157e+01
9.982190652782118e-01 5.566296610013219e+01
9.980267284282716e-01 4.952215174194985e+01
9.978245414574415e-01 4.347339825029415e+01
9.976125063612252e-01 3.755727088996936e+01
9.973906252323237e-01 3.181217659571706e+01
9.971589002606139e-01 2.627402756346498e+01
9.969173337331280e-01 2.097593627594654e+01
9.966659280340299e-01 1.594794501190361e+01
9.964046856445924e-01 1.121679245261581e+01
9.961336091431725e-01 6.805719535875649e+00
9.958527012051857e-01 2.734316221871632e+00
9.955619646030800e-01 -9.815896659932304e-01
9.952614022063083e-01 -4.330000873250423e+00
9.949510169813002e-01 -7.302776281095507e+00
9.946308119914323e-01 -9.895613979617490e+00
9.943007903969989e-01 -1.210799271969386e+01
9.939609554551797e-01 -1.394307309989383e+01
9.936113105200084e-01 -1.540756030676700e+01
9.932518590423394e-01 -1.651153066126409e+01
9.928826045698137e-01 -1.726822462544589e+01
9.925035507468237e-01 -1.769380928741053e+01
9.921147013144779e-01 -1.780711366424221e+01
9.917160601105629e-01 -1.762934043918372e+01
9.913076310695066e-01 -1.718375797705389e+01
9.908894182223387e-01 -1.649537663894465e+01
9.904614256966512e-01 -1.559061354162740e+01
9.900236577165575e-01 -1.449694997803958e+01
9.895761186026509e-01 -1.324258573233289e+01
9.891188127719618e-01 -1.185609448675084e+01
9.886517447379141e-01 -1.036608442917492e+01
9.881749191102805e-01 -8.800868031321809e+00
9.876883405951378e-01 -7.188144780739307e+00
9.871920139948192e-01 -5.554700417975932e+00
9.866859442078680e-01 -3.926125957173912e+00
9.861701362289889e-01 -2.326559457949018e+00
9.856445951489980e-01 -7.784531733345552e-01
9.851093261547739e-01 6.976316723628844e-01
9.845643345292053e-01 2.083200615425086e+00
9.840096256511397e-01 3.361970744585032e+00
9.834452049953297e-01 4.519983525323290e+00
9.828710781323792e-01 5.545685057046839e+00
9.822872507286887e-01 6.429973591725714e+00
9.816937285463989e-01 7.166214565241789e+00
9.810905174433341e-01 7.750223804400719e+00
9.804776233729444e-01 8.180219968062794e+00
9.798550523842469e-01 8.456747655174444e+00
9.792228106217657e-01 8.582572961012811e+00
9.785809043254721e-01 8.562553581498964e+00
9.779293398307218e-01 8.403485850235981e+00
9.772681235681935e-01 8.113931340756919e+00
9.765972620638246e-01 7.704025874633508e+00
9.759167619387474e-01 7.185273942473821e+00
9.752266299092234e-01 6.570331667921201e+00
9.745268727865771e-01 5.872781523624417e+00
9.738174974771289e-01 5.106902042498181e+00
9.730985109821265e-01 4.287435757737021e+00
9.723699203976766e-01 3.429358551887142e+00
9.716317329146740e-01 2.547653500313058e+00
9.708839558187310e-01 1.657092159642246e+00
9.701265964901058e-01 7.720260797838090e-01
9.693596624036293e-01 -9.380888810151888e-02
9.685831611286311e-01 -9.274731522926400e-01
9.677971003288655e-01 -1.716986738454586e+00
9.670014877624350e-01 -2.451473660267763e+00
9.661963312817148e-01 -3.121285823494499e+00
9.653816388332739e-01 -3.718105303511770e+00
9.645574184577981e-01 -4.235024164868348e+00
9.637236782900097e-01 -4.666601324516771e+00
9.628804265585876e-01 -5.008896293277695e+00
9.620276715860859e-01 -5.259479958221920e+00
9.611654217888519e-01 -5.417422887493188e+00
9.602936856769431e-01 -5.483261944371079e+00
9.594124718540429e-01 -5.458946285068953e+00
9.585217890173758e-01 -5.347764081164485e+00
9.576216459576222e-01 -5.154251549334298e+00
9.567120515588304e-01 -4.884086085260288e+00
9.557930147983301e-01 -4.543965482700188e+00
9.548645447466430e-01 -4.141475370728392e+00
9.539266505673936e-01 -3.684947120515874e+00
9.529793415172189e-01 -3.183308556685953e+00
9.520226269456766e-01 -2.645929856731084e+00
9.510565162951535e-01 -2.082467035181586e+00
9.500810191007717e-01 -1.502705387669544e+00
9.490961449902946e-01 -9.164052147001005e-01
9.481019036840320e-01 -3.331520572714666e-01
9.470983049947443e-01 2.377864416502138e-01
9.460853588275453e-01 7.875950821050766e-01
9.450630751798048e-01 1.308035262704430e+00
9.440314641410498e-01 1.791557145318507e+00
9.429905358928644e-01 2.231398441113135e+00
9.419403007087906e-01 2.621668659691341e+00
9.408807689542255e-01 2.957417904819431e+00
9.398119510863197e-01 3.234689550375747e+00
9.387338576538741e-01 3.450556384951036e+00
9.376464992972356e-01 3.603140069126341e+00
9.365498867481923e-01 3.691614002105294e+00
9.354440308298674e-01 3.716189940426605e+00
9.343289424566120e-01 3.678088947436515e+00
9.332046326338986e-01 3.579497474773498e+00
9.320711124582109e-01 3.423509583277792e+00
9.309283931169358e-01 3.214056497744325e+00
9.297764858882513e-01 2.955824855378600e+00
9.286154021410173e-01 2.654165149641281e+00
9.274451533346613e-01 2.314991987703360e+00
9.262657510190666e-01 1.944677869723870e+00
9.250772068344580e-01 1.549942260739233e+00
9.238795325112867e-01 1.137737760701556e+00
9.226727398701148e-01 7.151351850973202e-01
9.214568408214985e-01 2.892093480288453e-01
9.202318473658704e-01 -1.330727075505258e-01
9.189977715934213e-01 -5.449593604022835e-01
9.177546256839811e-01 -9.400163668783481e-01
9.165024219068979e-01 -1.312221665197129e+00
9.152411726209175e-01 -1.656051709644820e+00
9.139708902740612e-01 -1.966558172077308e+00
9.126915874035028e-01 -2.239434018702610e+00
9.114032766354453e-01 -2.471068152650942e+00
9.101059706849957e-01 -2.658588004318410e+00
9.087996823560401e-01 -2.799889648845026e+00
9.074844245411169e-01 -2.893655230270820e+00
9.061602102212898e-01 -2.939357671812106e+00
9.048270524660196e-01 -2.937252848289834e+00
9.034849644330348e-01 -2.888359587086813e+00
9.021339593682028e-01 -2.794428045323142e+00
9.007740506053981e-01 -2.657897180608948e+00
8.994052515663711e-01 -2.481842188372051e+00
8.980275757606156e-01 -2.269912918224303e+00
8.966410367852359e-01 -2.026264403266597e+00
8.952456483248117e-01 -1.755480738079396e+00
8.938414241512638e-01 -1.462493622173925e+00
8.924283781237179e-01 -1.152496944987730e+00
8.910065241883679e-01 -8.308588255467975e-01
8.895758763783380e-01 -5.030325344825244e-01
8.881364488135445e-01 -1.744677183255423e-01
8.866882557005565e-01 1.494766836156285e-01
8.852313113324553e-01 4.636164901389197e-01
8.837656300886935e-01 7.630220277184185e-01
8.822912264349533e-01 1.043092398775442e+00
8.808081149230036e-01 1.299623194602024e+00
8.793163101905562e-01 1.528866699769168e+00
8.778158269611217e-01 1.727583768570704e+00
8.763066800438636e-01 1.893086698344602e+00
8.747888843334528e-01 2.023272576974942e+00
8.732624548099202e-01 2.116646740025423e+00
8.717274065385089e-01 2.172336134247277e+00
8.701837546695257e-01 2.190092546093584e+00
8.686315144381912e-01 2.170285813835340e+00
8.670707011644900e-01 2.113887297458275e+00
8.655013302530190e-01 2.022444029372393e+00
8.639234171928353e-01 1.898044108874614e+00
8.623369775573040e-01 1.743274032228167e+00
8.607420270039436e-01 1.561168766315132e+00
8.591385812742725e-01 1.355155475466207e+00
8.575266561936522e-01 1.128991896900605e+00
8.559062676711330e-01 8.867004291168771e-01
8.542774316992952e-01 6.324990487316083e-01
8.526401643540922e-01 3.707302041321423e-01
8.509944817946918e-01 1.057888486387926e-01
8.493404002633166e-01 -1.579492282893591e-01
8.476779360850832e-01 -4.161976355955155e-01
8.460071056678422e-01 -6.648270845791070e-01
8.443279255020151e-01 -8.999295224826267e-01
8.426404121604322e-01 -1.117877728038264e+00
8.409445822981690e-01 -1.315379487613932e+00
8.392404526523817e-01 -1.489525569560716e+00
8.375280400421418e-01 -1.637830824247218e+00
8.358073613682703e-01 -1.758267856193113e+00
8.340784336131711e-01 -1.849292840690457e+00
8.323412738406635e-01 -1.909863188250114e+00
8.305958991958127e-01 -1.939446894004253e+00
8.288423269047619e-01 -1.938023543690677e+00
8.270805742745618e-01 -1.906077080914222e+00
8.253106586929996e-01 -1.844580569947947e+00
8.235325976284275e-01 -1.754973312408818e+00
8.217464086295903e-01 -1.639130792836150e+00
8.199521093254523e-01 -1.499328035775365e+00
8.181497174250234e-01 -1.338197053847426e+00
8.163392507171839e-01 -1.158679151078829e+00
8.145207270705094e-01 -9.639729172974666e-01
8.126941644330939e-01 -7.574788067095880e-01
8.108595808323734e-01 -5.427412361420729e-01
8.090169943749475e-01 -3.233891653858959e-01
8.071664232464003e-01 -1.030761333829618e-01
8.053078857111219e-01 1.145792803179018e-01
8.034414001121276e-01 3.260516190826522e-01
8.015669848708766e-01 5.279644224594540e-01
7.996846584870906e-01 7.171429425953290e-01
7.977944395385710e-01 8.906628990080177e-01
7.958963466810158e-01 1.045894540742409e+00
7.939903986478354e-01 1.180541369466019e+00
7.920766142499670e-01 1.292672970810528e+00
7.901550123756903e-01 1.380751502645094e+00
7.882256119904399e-01 1.443651496269183e+00
7.862884321366189e-01 1.480672737960658e+00
7.843434919334100e-01 1.491546112089697e+00
7.823908105765881e-01 1.476432401273023e+00
7.804304073383297e-01 1.435914151974918e+00
7.784623015670233e-01 1.370980823781114e+00
7.764865126870786e-01 1.283007545569729e+00
7.745030601987338e-01 1.173727900366533e+00
7.725119636778645e-01 1.045201251307363e+00
7.705132427757891e-01 8.997752024887552e-01
7.685069172190766e-01 7.400438593823979e-01
7.664930068093498e-01 5.688026129114528e-01
7.644715314230915e-01 3.890002184252116e-01
7.624425110114478e-01 2.036889750514540e-01
7.604059656000309e-01 1.597383185732804e-02
7.583619152887219e-01 -1.710387452728065e-01
7.563103802514719e-01 -3.542913180967242e-01
7.542513807361038e-01 -5.308246230192195e-01
7.521849370641115e-01 -6.978245437426125e-01
7.501110696304596e-01 -8.526661766391754e-01
7.480297989033825e-01 -9.929543111456737e-01
7.459411454241821e-01 -1.116559712943893e+00
7.438451298070251e-01 -1.221650672234394e+00
7.417417727387392e-01 -1.306719361743095e+00
7.396310949786097e-01 -1.370602637818850e+00
7.375131173581738e-01 -1.412497011597088e+00
7.353878607810158e-01 -1.431967614168224e+00
7.332553462225601e-01 -1.428951078413005e+00
7.311155947298641e-01 -1.403752359050897e+00
7.289686274214116e-01 -1.357035609907520e+00
7.268144654869028e-01 -1.289809331897737e+00
7.246531301870467e-01 -1.203406095260762e+00
7.224846428533498e-01 -1.099457223776972e+00
7.203090248879068e-01 -9.798629057564697e-01
7.181262977631888e-01 -8.467582653553902e-01
7.159364830218312e-01 -7.024759872334286e-01
7.137396022764213e-01 -5.495061368573279e-01
7.115356772092853e-01 -3.904538571953765e-01
7.093247295722739e-01 -2.279956496327663e-01
7.071067811865476e-01 -6.483496234859254e-02
7.048818539423614e-01 9.634218699571284e-02
7.026499697988492e-01 2.529108355371394e-01
7.004111507838063e-01 4.023492473629574e-01
6.981654189934727e-01 5.422789651157032e-01
6.959127965923143e-01 6.705021137700593e-01
6.936533058128049e-01 7.850353801269484e-01
6.913869689552063e-01 8.841401511751784e-01
6.891138083873484e-01 9.663483618080325e-01
6.868338465444083e-01 1.030483676294404e+00
6.845471059286886e-01 1.075677707137573e+00
6.822536091093964e-01 1.101381058183891e+00
6.799533787224191e-01 1.107369064691455e+00
6.776464374701023e-01 1.093742190128455e+00
6.753328081210245e-01 1.060921126330500e+00
6.730125135097733e-01 1.009636728909895e+00
6.706855765367200e-01 9.409150021204994e-01
6.683520201677930e-01 8.560574254428178e-01
6.660118674342517e-01 7.566169867485990e-01
6.636651414324585e-01 6.443703529151411e-01
6.613118653236518e-01 5.212866671853340e-01
6.589520623337169e-01 3.894935125399922e-01
6.565857557529564e-01 2.512406211377103e-01
6.542129689358610e-01 1.088619409123130e-01
6.518337253008787e-01 -3.526330871174455e-02
6.494480483301837e-01 -1.787499495623422e-01
6.470559615694443e-01 -3.192458835153490e-01
6.446574886275913e-01 -4.544702253402561e-01
6.422526531765843e-01 -5.822499181199717e-01
6.398414789511784e-01 -7.005542499965924e-01
6.374239897486897e-01 -8.075267303492500e-01
6.350002094287607e-01 -9.015138312743449e-01
6.325701619131244e-01 -9.810901555669513e-01
6.301338711853690e-01 -1.045079654335247e+00
6.276913612907005e-01 -1.092572584859119e+00
6.252426563357052e-01 -1.122937971192061e+00
6.227877804881125e-01 -1.135831405102484e+00
6.203267579765560e-01 -1.131198102016221e+00
6.178596130903343e-01 -1.109271204394546e+00
6.153863701791715e-01 -1.070565402198961e+00
6.129070536529765e-01 -1.015866015513024e+00
6.104216879816025e-01 -9.462137568090593e-01
6.079302976946054e-01 -8.628854586191899e-01
6.054329073810014e-01 -7.673711154275915e-01
6.029295416890247e-01 -6.613476454689898e-01
6.004202253258840e-01 -5.466498279296489e-01
5.979049830575189e-01 -4.252389130555541e-01
5.953838397083550e-01 -2.991694362635678e-01
5.928568201610592e-01 -1.705547920520298e-01
5.903239493562945e-01 -4.153213899076158e-02
5.877852522924730e-01 8.577278683669176e-02
5.852407540255101e-01 2.092803758864843e-01
5.826904796685760e-01 3.269908052544648e-01
5.801344543918493e-01 4.370161149795481e-01
5.775727034222675e-01 5.376101908945881e-01
5.750052520432786e-01 6.271961825783721e-01
5.724321255945909e-01 7.043909305126282e-01
5.698533494719238e-01 7.680260286421079e-01
5.672689491267564e-01 8.171652062786239e-01
5.646789500660770e-01 8.511177757015073e-01
5.620833778521306e-01 8.694479578399991e-01
5.594822581021669e-01 8.719799669791157e-01
5.568756164881880e-01 8.587988053798452e-01
5.542634787366941e-01 8.302467889025126e-01
5.516458706284303e-01 7.869158940298020e-01
5.490228179981317e-01 7.296360839867589e-01
5.463943467342690e-01 6.594598358739261e-01
5.437604827787925e-01 5.776431508491988e-01
5.411212521268759e-01 4.856233844706683e-01
5.384766808266602e-01 3.849942834920085e-01
5.358267949789965e-01 2.774786579308203e-01
5.331716207371886e-01 1.648991524693522e-01
5.305111843067339e-01 4.914760867896606e-02
5.278455119450662e-01 -6.784647120191978e-02
5.251746299612957e-01 -1.841478374135646e-01
5.224985647159489e-01 -2.978472589858682e-01
5.198173426207094e-01 -4.070926257516922e-01
5.171309901381572e-01 -5.101188832620335e-01
5.144395337815064e-01 -6.052763205322806e-01
5.117430001143449e-01 -6.910567609187471e-01
5.090414157503712e-01 -7.661172438872185e-01
5.063348073531324e-01 -8.293008293302823e-01
5.036232016357609e-01 -8.796542056602082e-01
5.009066253607100e-01 -9.164418373030677e-01
4.981851053394908e-01 -9.391564455305257e-01
4.954586684324075e-01 -9.475256778139272e-01
4.927273415482916e-01 -9.415148840551308e-01
4.899911516442366e-01 -9.213259821012924e-01
4.872501257253322e-01 -8.873924588395233e-01
4.845042908443979e-01 -8.403706158555555e-01
4.817536741017153e-01 -7.811272291182684e-01
4.789983026447611e-01 -7.107238494517110e-01
4.762382036679391e-01 -6.303980237691112e-01
4.734734044123122e-01 -5.415417653322370e-01
4.707039321653325e-01 -4.456776439135670e-01
4.679298142605733e-01 -3.444329030235681e-01
4.651510780774583e-01 -2.395120407738690e-01
4.623677510409917e-01 -1.326683130478551e-01
4.595798606214878e-01 -2.567463213204135e-02
4.567874343342995e-01 7.970565935946361e-02
4.539904997395468e-01 1.817476606166292e-01
4.511890844418451e-01 2.787929611407844e-01
4.483832160900322e-01 3.692764125097023e-01
4.455729223768963e-01 4.517511941180671e-01
4.427582310389015e-01 5.249117742846926e-01
4.399391698559151e-01 5.876144050862345e-01
4.371157666509328e-01 6.388948318985528e-01
4.342880492898047e-01 6.779829461714483e-01
4.314560456809590e-01 7.043141616252920e-01
4.286197837751284e-01 7.175373489722977e-01
4.257792915650727e-01 7.175192215168812e-01
4.229345970853032e-01 7.043451226319719e-01
4.200857284118062e-01 6.783162251786985e-01
4.172327136617652e-01 6.399432114711556e-01
4.143755809932840e-01 5.899365594368084e-01
4.115143586051087e-01 5.291936152672027e-01
4.086490747363491e-01 4.587826842181129e-01
4.057797576662000e-01 3.799244184874221e-01
4.029064357136627e-01 2.939708235282476e-01
4.000291372372647e-01 2.023822410825657e-01
3.971478906347806e-01 1.067026980796019e-01
3.942627243429510e-01 8.534034866954254e-03
3.913736668372023e-01 -9.049075632535597e-02
3.884807466313660e-01 -1.887345414899022e-01
3.855839922773966e-01 -2.845829592796725e-01
3.826834323650898e-01 -3.764707997699172e-01
3.797790955218011e-01 -4.629074189168284e-01
3.768710104121626e-01 -5.425007783941083e-01
3.739592057378004e-01 -6.139797253842028e-01
3.710437102370510e-01 -6.762141579404493e-01
3.681245526846779e-01 -7.282327581781251e-01
3.652017618915877e-01 -7.692380171667869e-01
3.622753667045457e-01 -7.986183212768011e-01
3.593453960058907e-01 -8.159569191073505e-01
3.564118787132508e-01 -8.210376401668221e-01
3.534748437792571e-01 -8.138472903261258e-01
3.505343201912590e-01 -7.945747038329449e-01
3.475903369710370e-01 -7.636064864625924e-01
3.446429231745170e-01 -7.215195382956315e-01
3.416921078914832e-01 -6.690704967796638e-01
3.387379202452913e-01 -6.071822903120729e-01
3.357803893925807e-01 -5.369280387777200e-01
3.328195445229867e-01 -4.595125795562905e-01
3.298554148588529e-01 -3.762519348144187e-01
3.268880296549425e-01 -2.885510678355531e-01
3.239174181981494e-01 -1.978803022244829e-01
3.209436098072094e-01 -1.057507976593094e-01
3.179666338324109e-01 -1.368948916178203e-02
3.149865196553047e-01 7.678609656453272e-02
3.120032966884149e-01 1.641927343914402e-01
3.090169943749475e-01 2.471056972460927e-01
3.060276421885008e-01 3.241818630075440e-01
3.030352696327740e-01 3.941813589266785e-01
3.000399062412762e-01 4.559873965769413e-01
2.970415815770349e-01 5.086239817786229e-01
2.940403252323039e-01 5.512712203673236e-01
2.910361668282717e-01 5.832779814774616e-01
2.880291360147690e-01 6.041717244963705e-01
2.850192624699762e-01 6.136653432683203e-01
2.820065759001295e-01 6.116609307022818e-01
2.789911060392293e-01 5.982504178419641e-01
2.759728826487457e-01 5.737130928544875e-01
2.729519355173252e-01 5.385100564430806e-01
2.699282944604963e-01 4.932757200584114e-01
2.669019893203755e-01 4.388065011638689e-01
2.638730499653728e-01 3.760469149309427e-01
2.608415062898970e-01 3.060733033784532e-01
2.578073882140599e-01 2.300754804612764e-01
2.547707256833822e-01 1.493366043685104e-01
2.517315486684971e-01 6.521161579566981e-02
2.486898871648547e-01 -2.089539721271316e-02
2.456457711924263e-01 -1.075545314244402e-01
2.425992307954074e-01 -1.933337115619730e-01
2.395502960419217e-01 -2.768222551644932e-01
2.364989970237248e-01 -3.566539730518454e-01
2.334453638559055e-01 -4.315294287161813e-01
2.303894266765906e-01 -5.002369955269403e-01
2.273312156466464e-01 -5.616723720284533e-01
2.242707609493812e-01 -6.148562424595814e-01
2.212080927902471e-01 -6.589498014682582e-01
2.181432413965425e-01 -6.932678982867483e-01
2.150762370171133e-01 -7.172895957628849e-01
2.120071099220545e-01 -7.306659829351716e-01
2.089358904024118e-01 -7.332251255737552e-01
2.058626087698814e-01 -7.249740865266916e-01
2.027872953565125e-01 -7.060979960290811e-01
1.997099805144070e-01 -6.769562005582357e-01
1.966306946154200e-01 -6.380755665589615e-01
1.935494680508602e-01 -5.901410616424705e-01
1.904663312311898e-01 -5.339837799303053e-01
1.873813145857245e-01 -4.705666193605943e-01
1.842944485623334e-01 -4.009678563382688e-01
1.812057636271374e-01 -3.263628964951324e-01
1.781152902642101e-01 -2.480045090025118e-01
1.750230589752760e-01 -1.672018753997896e-01
1.719291002794095e-01 -8.529880190465244e-02
1.688334447127338e-01 -3.651456384108687e-03
1.657361228281196e-01 7.639400258552953e-02
1.626371651948835e-01 1.535235369334881e-01
1.595366023984862e-01 2.264767187590817e-01
1.564344650402309e-01 2.940672483309198e-01
1.533307837369607e-01 3.552021676987220e-01
1.502255891207571e-01 4.088994599635760e-01
1.471189118386373e-01 4.543037520012608e-01
1.440107825522521e-01 4.906998706880947e-01
1.409012319375826e-01 5.175240388945732e-01
1.377902906846380e-01 5.343725370799601e-01
1.346779894971525e-01 5.410076985808104e-01
1.315643590922826e-01 5.373611509358815e-01
1.284494302003029e-01 5.235342610976327e-01
1.253332335643043e-01 4.997957883971507e-01
1.222157999398894e-01 4.665767949001888e-01
1.190971600948697e-01 4.244629075695095e-01
1.159773448089613e-01 3.741840697042079e-01
1.128563848734816e-01 3.166019597627537e-01
1.097343110910451e-01 2.526952932375874e-01
1.066111542752600e-01 1.835432571328682e-01
1.034869452504226e-01 1.103073562628871e-01
1.003617148512149e-01 3.421197556792277e-02
9.723549392239933e-02 -4.347601745463803e-02
9.410831331851428e-02 -1.214682915888536e-01
9.098020390356985e-02 -1.984763444781340e-01
8.785119655074310e-02 -2.732327182232658e-01
8.472132214207334e-02 -3.445117898500071e-01
8.159061156815742e-02 -4.111497967586034e-01
7.845909572784500e-02 -4.720637710685963e-01
7.532680552793275e-02 -5.262690758654642e-01
7.219377188286061e-02 -5.728952604090819e-01
6.906002571440578e-02 -6.111999799666503e-01
6.592559795137781e-02 -6.405807585995225e-01
6.279051952931330e-02 -6.605844094158295e-01
5.965482139017060e-02 -6.709139658938299e-01
5.651853448202440e-02 -6.714330192346613e-01
5.338168975876054e-02 -6.621673996327224e-01
5.024431817976960e-02 -6.433041831492567e-01
4.710645070964268e-02 -6.151880498197947e-01
4.396811831786489e-02 -5.783150619993052e-01
4.082935197850996e-02 -5.333239740419758e-01
3.769018266993447e-02 -4.809852245410676e-01
3.455064137447218e-02 -4.221877998678094e-01
3.141075907812817e-02 -3.579241920416927e-01
2.827056677027311e-02 -2.892737044870843e-01
2.513009544333753e-02 -2.173843854957527e-01
2.198937609250513e-02 -1.434538908057214e-01
1.884843971540818e-02 -6.870959328595827e-02
1.570731731182065e-02 5.611730971687212e-03
1.256603988335255e-02 7.828430497458705e-02
9.424638433143926e-03 1.481135060233374e-01
6.283143965558844e-03 2.139554433737354e-01
3.141587485879429e-03 2.747356385011762e-01
6.123233995736766e-17 3.294665038505128e-01
-3.141587485879529e-03 3.772633366391349e-01
-6.283143965558943e-03 4.173585695472944e-01
-9.424638433144025e-03 4.491140495499231e-01
-1.256603988335265e-02 4.720311492231028e-01
-1.570731731182075e-02 4.857585510435232e-01
-1.884843971540828e-02 4.900975838881362e-01
-2.198937609250523e-02 4.850050314927663e-01
-2.513009544333741e-02 4.705933743728128e-01
-2.827056677027321e-02 4.471284689590578e-01
-3.141075907812828e-02 4.150247097635640e-01
-3.455064137447228e-02 3.748377615761928e-01
-3.769018266993458e-02 3.272549883295439e-01
-4.082935197851006e-02 2.730837427143034e-01
-4.396811831786499e-02 2.132377152711102e-01
-4.710645070964278e-02 1.487215729699047e-01
-5.024431817976970e-02 8.061414471024775e-02
-5.338168975876042e-02 1.005043429835012e-02
-5.651853448202450e-02 -6.179724008822707e-02
-5.965482139017070e-02 -1.337386674380016e-01
-6.279051952931340e-02 -2.045854055992799e-01
-6.592559795137791e-02 -2.731703592339516e-01
-6.906002571440588e-02 -3.383669524059583e-01
-7.219377188286071e-02 -3.991075817188229e-01
-7.532680552793285e-02 -4.544010485876298e-01
-7.845909572784487e-02 -5.033486868115775e-01
-8.159061156815751e-02 -5.451589238024324e-01
-8.472132214207344e-02 -5.791600402458251e-01
-8.785119655074319e-02 -6.048109231826508e-01
-9.098020390356995e-02 -6.217096409912488e-01
-9.410831331851438e-02 -6.295997049707089e-01
-9.723549392239943e-02 -6.283739205706693e-01
-1.003617148512150e-01 -6.180757711496077e-01
-1.034869452504225e-01 -5.988983178153116e-01
-1.066111542752599e-01 -5.711806397392831e-01
-1.097343110910452e-01 -5.354018796716580e-01
-1.128563848734817e-01 -4.921729985550636e-01
-1.159773448089614e-01 -4.422263805057306e-01
-1.190971600948698e-01 -3.864034643899648e-01
-1.222157999398895e-01 -3.256406102069393e-01
-1.253332335643044e-01 -2.609534369776581e-01
-1.284494302003030e-01 -1.934198933763935e-01
-1.315643590922825e-01 -1.241623425323439e-01
-1.346779894971526e-01 -5.432895795494630e-02
-1.377902906846381e-01 1.492526184699017e-02
-1.409012319375827e-01 8.245754693733953e-02
-1.440107825522522e-01 1.471561642064514e-01
-1.471189118386375e-01 2.079586715484050e-01
-1.502255891207571e-01 2.638693190100772e-01
-1.533307837369608e-01 3.139753126505563e-01
-1.564344650402308e-01 3.574616761712118e-01
-1.595366023984863e-01 3.936244690031497e-01
-1.626371651948836e-01 4.218821470728471e-01
-1.657361228281197e-01 4.417848834488774e-01
-1.688334447127339e-01 4.530216999868946e-01
-1.719291002794096e-01 4.554252973747447e-01
-1.750230589752761e-01 4.489745090342523e-01
-1.781152902642102e-01 4.337943435337956e-01
-1.812057636271375e-01 4.101536198607713e-01
-1.842944485623333e-01 3.784602394440484e-01
-1.873813145857246e-01 3.392541775553407e-01
-1.904663312311899e-01 2.931983140218173e-01
-1.935494680508603e-01 2.410672584413667e-01
-1.966306946154201e-01 1.837343577330772e-01
-1.997099805144071e-01 1.221571033484581e-01
-2.027872953565126e-01 5.736118133667112e-02
-2.058626087698815e-01 -9.576569717636874e-03
-2.089358904024116e-01 -7.754601043219911e-02
-2.120071099220546e-01 -1.454220668256740e-01
-2.150762370171134e-01 -2.120833078683504e-01
-2.181432413965426e-01 -2.764304283735075e-01
-2.212080927902472e-01 -3.374043333431082e-01
-2.242707609493813e-01 -3.940035269911971e-01
-2.273312156466465e-01 -4.453005216364969e-01
-2.303894266765907e-01 -4.904569982773603e-01
-2.334453638559053e-01 -5.287374716563352e-01
-2.364989970237246e-01 -5.595212376362474e-01
-2.395502960419218e-01 -5.823124093274283e-01
-2.425992307954074e-01 -5.967478801511743e-01
-2.456457711924264e-01 -6.026030863714545e-01
-2.486898871648549e-01 -5.997954780078179e-01
-2.517315486684972e-01 -5.883856448573246e-01
-2.547707256833823e-01 -5.685760829794317e-01
-2.578073882140600e-01 -5.407076258006193e-01
-2.608415062898969e-01 -5.052536023382677e-01
-2.638730499653729e-01 -4.628118222980119e-01
-2.669019893203756e-01 -4.140945233563159e-01
-2.699282944604964e-01 -3.599164492196444e-01
-2.729519355173253e-01 -3.011812575116056e-01
-2.759728826487458e-01 -2.388664836842125e-01
-2.789911060392293e-01 -1.740073105391401e-01
-2.820065759001296e-01 -1.076794122015326e-01
-2.850192624699761e-01 -4.098115620302734e-02
-2.880291360147691e-01 2.498454253438454e-02
-2.910361668282718e-01 8.912841672515770e-02
-2.940403252323040e-01 1.503927912909340e-01
-2.970415815770350e-01 2.077689825472772e-01
-3.000399062412763e-01 2.603138664535263e-01
-3.030352696327741e-01 3.071653444234238e-01
-3.060276421885008e-01 3.475564536833357e-01
-3.090169943749476e-01 3.808278917834422e-01
-3.120032966884148e-01 4.064387512387267e-01
-3.149865196553048e-01 4.239752899633669e-01
-3.179666338324110e-01 4.331575956730480e-01
-3.209436098072095e-01 4.338440372279546e-01
-3.239174181981495e-01 4.260334324009269e-01
-3.268880296549426e-01 4.098648991796439e-01
-3.298554148588530e-01 3.856153958301813e-01
-3.328195445229868e-01 3.536949929359665e-01
-3.357803893925806e-01 3.146399578582437e-01
-3.387379202452914e-01 2.691037679317444e-01
-3.416921078914833e-01 2.178462026257096e-01
-3.446429231745171e-01 1.617206963114374e-01
-3.475903369710371e-01 1.016601616710856e-01
-3.505343201912591e-01 3.866151869572648e-02
-3.534748437792572e-01 -2.623081475086997e-02
-3.564118787132508e-01 -9.194219802352110e-02
-3.593453960058906e-01 -1.573855233568924e-01
-3.622753667045456e-01 -2.214791593997988e-01
-3.652017618915878e-01 -2.831647871277899e-01
-3.681245526846780e-01 -3.414248346968549e-01
-3.710437102370511e-01 -3.952992246750106e-01
-3.739592057378005e-01 -4.439011586619876e-01
-3.768710104121628e-01 -4.864316803854710e-01
-3.797790955218012e-01 -5.221927786776607e-01
-3.826834323650899e-01 -5.505988159511463e-01
-3.855839922773965e-01 -5.711860955074926e-01
-3.884807466313661e-01 -5.836204117678803e-01
-3.913736668372024e-01 -5.877024608054449e-01
-3.942627243429510e-01 -5.833710238355392e-01
-3.971478906347807e-01 -5.707038730024590e-01
-4.000291372372649e-01 -5.499163862866183e-01
-4.029064357136627e-01 -5.213578960290439e-01
-4.057797576662001e-01 -4.855058328122711e-01
-4.086490747363490e-01 -4.429577626377519e-01
-4.115143586051088e-01 -3.944214499064900e-01
-4.143755809932841e-01 -3.407031110762377e-01
-4.172327136617655e-01 -2.826940535053092e-01
-4.200857284118063e-01 -2.213559204162649e-01
-4.229345970853031e-01 -1.577047856902951e-01
-4.257792915650727e-01 -9.279436096461086e-02
-4.286197837751283e-01 -2.769859194446256e-02
-4.314560456809591e-01 3.650606927520550e-02
-4.342880492898046e-01 9.875842391516176e-02
-4.371157666509331e-01 1.580300259111476e-01
-4.399391698559151e-01 2.133421331038158e-01
-4.427582310389018e-01 2.637818314731154e-01
-4.455729223768963e-01 3.085170673997670e-01
-4.483832160900321e-01 3.468103410121753e-01
-4.511890844418451e-01 3.780308357987733e-01
-4.539904997395467e-01 4.016647854706324e-01
-4.567874343342996e-01 4.173239081208863e-01
-4.595798606214878e-01 4.247517695685787e-01
-4.623677510409920e-01 4.238279718716814e-01
-4.651510780774584e-01 4.145700987865221e-01
-4.679298142605732e-01 3.971333868514202e-01
-4.707039321653326e-01 3.718081281750608e-01
-4.734734044123121e-01 3.390148483013588e-01
-4.762382036679392e-01 2.992973390905597e-01
-4.789983026447610e-01 2.533136618017136e-01
-4.817536741017154e-01 2.018252689061226e-01
-4.845042908443979e-01 1.456844240593203e-01
-4.872501257253326e-01 8.582012760307167e-02
-4.899911516442366e-01 2.322277950277135e-02
-4.927273415482915e-01 -4.107216765433086e-02
-4.954586684324076e-01 -1.060012964053997e-01
-4.981851053394907e-01 -1.704907715627284e-01
-5.009066253607101e-01 -2.334740579046524e-01
-5.036232016357608e-01 -2.939095167624216e-01
-5.063348073531327e-01 -3.507975918689814e-01
-5.090414157503713e-01 -4.031973016008256e-01
-5.117430001143451e-01 -4.502417661552970e-01
-5.144395337815065e-01 -4.911525140729989e-01
-5.171309901381571e-01 -5.252523325803771e-01
-5.198173426207096e-01 -5.519764501597360e-01
-5.224985647159488e-01 -5.708818671620326e-01
-5.251746299612958e-01 -5.816546807113929e-01
-5.278455119450663e-01 -5.841152831105517e-01
-5.305111843067343e-01 -5.782213479032323e-01
-5.331716207371886e-01 -5.640685541093142e-01
-5.358267949789964e-01 -5.418890363256956e-01
-5.384766808266602e-01 -5.120475857702156e-01
-5.411212521268758e-01 -4.750356643247163e-01
-5.437604827787926e-01 -4.314633295998589e-01
-5.463943467342690e-01 -3.820492034086405e-01
-5.490228179981319e-01 -3.276086482334712e-01
-5.516458706284302e-01 -2.690403457753980e-01
-5.542634787366942e-01 -2.073114979978111e-01
-5.568756164881881e-01 -1.434418937901401e-01
-5.594822581021669e-01 -7.848710310383589e-02
-5.620833778521307e-01 -1.352107484750620e-02
-5.646789500660769e-01 5.038157526966791e-02
-5.672689491267566e-01 1.121632955498723e-01
-5.698533494719238e-01 1.708010559523233e-01
-5.724321255945910e-01 2.253232451177827e-01
-5.750052520432786e-01 2.748257284038905e-01
-5.775727034222679e-01 3.184868022256012e-01
-5.801344543918494e-01 3.555807980084340e-01
-5.826904796685759e-01 3.854901111352221e-01
-5.852407540255101e-01 4.077154560379887e-01
-5.877852522924730e-01 4.218841776359463e-01
-5.903239493562947e-01 4.277564811729153e-01
-5.928568201610592e-01 4.252294766421577e-01
-5.953838397083551e-01 4.143389698455249e-01
-5.979049830575189e-01 3.952589691294167e-01
-6.004202253258842e-01 3.682989143669786e-01
-6.029295416890248e-01 3.338986721989055e-01
-6.054329073810013e-01 2.926213782902717e-01
-6.079302976946055e-01 2.451442428054061e-01
-6.104216879816025e-01 1.922474688644835e-01
-6.129070536529766e-01 1.348014648730435e-01
-6.153863701791715e-01 7.375255979724571e-02
-6.178596130903345e-01 1.010745522836681e-02
-6.203267579765560e-01 -5.508333096754708e-02
-6.227877804881123e-01 -1.207427578326395e-01
-6.252426563357052e-01 -1.857850074073540e-01
-6.276913612907004e-01 -2.491333921093760e-01
-6.301338711853692e-01 -3.097381288696340e-01
-6.325701619131244e-01 -3.665936874113872e-01
-6.350002094287608e-01 -4.187554267811877e-01
-6.374239897486897e-01 -4.653552456606390e-01
-6.398414789511786e-01 -5.056159879244477e-01
-6.422526531765844e-01 -5.388643651043065e-01
-6.446574886275912e-01 -5.645421815444667e-01
-6.470559615694444e-01 -5.822156757004729e-01
-6.494480483301835e-01 -5.915828217884949e-01
-6.518337253008789e-01 -5.924784693376444e-01
-6.542129689358610e-01 -5.848772335877068e-01
-6.565857557529566e-01 -5.688940865325802e-01
-6.589520623337169e-01 -5.447826361322815e-01
-6.613118653236520e-01 -5.129311191870107e-01
-6.636651414324586e-01 -4.738561709632584e-01
-6.660118674342516e-01 -4.281944712676884e-01
-6.683520201677932e-01 -3.766924016790559e-01
-6.706855765367200e-01 -3.201938814955391e-01
-6.730125135097734e-01 -2.596265800939932e-01
-6.753328081210245e-01 -1.959867303321698e-01
-6.776464374701024e-01 -1.303227909083216e-01
-6.799533787224192e-01 -6.371822484045259e-02
-6.822536091093964e-01 2.726323882586867e-03
-6.845471059286887e-01 6.791116314180645e-02
-6.868338465444082e-01 1.307556971821090e-01
-6.891138083873486e-01 1.902162842964887e-01
-6.913869689552063e-01 2.453035135073641e-01
-6.936533058128052e-01 2.950986151544687e-01
-6.959127965923143e-01 3.387687340898237e-01
-6.981654189934728e-01 3.755808124429613e-01
-7.004111507838063e-01 4.049138513589713e-01
-7.026499697988491e-01 4.262693473691046e-01
-7.048818539423615e-01 4.392797287021875e-01
-7.071067811865475e-01 4.437146494065151e-01
-7.093247295722740e-01 4.394850340961415e-01
-7.115356772092853e-01 4.266448028948743e-01
-7.137396022764214e-01 4.053902441266030e-01
-7.159364830218312e-01 3.760570408719107e-01
-7.181262977631890e-01 3.391149960477964e-01
-7.203090248879069e-01 2.951605385388498e-01
-7.224846428533498e-01 2.449071294928588e-01
-7.246531301870467e-01 1.891737225910150e-01
-7.268144654869028e-01 1.288714643407201e-01
-7.289686274214117e-01 6.498884968576955e-02
-7.311155947298641e-01 -1.424425999512757e-03
-7.332553462225602e-01 -6.927465559782386e-02
-7.353878607810159e-01 -1.374420690833829e-01
-7.375131173581738e-01 -2.047992489340521e-01
-7.396310949786098e-01 -2.702297103021697e-01
-7.417417727387391e-01 -3.326463408070425e-01
-7.438451298070251e-01 -3.910093964880665e-01
-7.459411454241821e-01 -4.443437571093923e-01
-7.480297989033826e-01 -4.917551555379557e-01
-7.501110696304596e-01 -5.324451121449016e-01
-7.521849370641116e-01 -5.657243258526584e-01
-7.542513807361039e-01 -5.910242982348534e-01
-7.563103802514718e-01 -6.079069955786710e-01
-7.583619152887219e-01 -6.160723855794126e-01
-7.604059656000309e-01 -6.153637198432904e-01
-7.624425110114480e-01 -6.057704700677042e-01
-7.644715314230915e-01 -5.874288640534195e-01
-7.664930068093500e-01 -5.606200069573537e-01
-7.685069172190766e-01 -5.257656127784331e-01
-7.705132427757894e-01 -4.834214103353862e-01
-7.725119636778645e-01 -4.342683263020611e-01
-7.745030601987337e-01 -3.791015845837096e-01
-7.764865126870787e-01 -3.188178958433107e-01
-7.784623015670233e-01 -2.544009427503772e-01
-7.804304073383298e-01 -1.869053949998609e-01
-7.823908105765881e-01 -1.174397128633662e-01
-7.843434919334102e-01 -4.714801857392442e-02
-7.862884321366189e-01 2.280866913445367e-02
-7.882256119904399e-01 9.127153078586558e-02
-7.901550123756904e-01 1.571030594360366e-01
-7.920766142499670e-01 2.192058775427344e-01
-7.939903986478354e-01 2.765409475166758e-01
-7.958963466810158e-01 3.281448751205215e-01
-7.977944395385711e-01 3.731460189157526e-01
-7.996846584870906e-01 4.107791377203277e-01
-8.015669848708767e-01 4.403983312415434e-01
-8.034414001121276e-01 4.614880563200362e-01
-8.053078857111219e-01 4.736720321293755e-01
-8.071664232464003e-01 4.767198817252689e-01
-8.090169943749473e-01 4.705513939827088e-01
-8.108595808323735e-01 4.552383286066248e-01
-8.126941644330939e-01 4.310037269269804e-01
-8.145207270705095e-01 3.982187319430098e-01
-8.163392507171839e-01 3.573969619003794e-01
-8.181497174250236e-01 3.091865219033316e-01
-8.199521093254524e-01 2.543597770234776e-01
-8.217464086295901e-01 1.938010474275709e-01
-8.235325976284275e-01 1.284924205991452e-01
-8.253106586929996e-01 5.949790720051342e-02
-8.270805742745619e-01 -1.205380500947206e-02
-8.288423269047619e-01 -8.498772098617402e-02
-8.305958991958128e-01 -1.581017343926501e-01
-8.323412738406635e-01 -2.301863376981920e-01
-8.340784336131714e-01 -3.000445248243864e-01
-8.358073613682703e-01 -3.665115605221688e-01
-8.375280400421417e-01 -4.284742917136661e-01
-8.392404526523818e-01 -4.848896823901225e-01
-8.409445822981690e-01 -5.348022652378678e-01
-8.426404121604324e-01 -5.773602197951313e-01
-8.443279255020151e-01 -6.118298083698565e-01
-8.460071056678423e-01 -6.376079268403549e-01
-8.476779360850832e-01 -6.542325574083123e-01
-8.493404002633165e-01 -6.613909439054213e-01
-8.509944817946919e-01 -6.589253468350857e-01
-8.526401643540922e-01 -6.468362743756541e-01
-8.542774316992953e-01 -6.252831264531533e-01
-8.559062676711330e-01 -5.945822310513371e-01
-8.575266561936523e-01 -5.552022944836429e-01
-8.591385812742725e-01 -5.077573297152742e-01
-8.607420270039438e-01 -4.529971683029475e-01
-8.623369775573040e-01 -3.917957014375412e-01
-8.639234171928353e-01 -3.251370332746155e-01
-8.655013302530190e-01 -2.540997645989123e-01
-8.670707011644900e-01 -1.798396563127393e-01
-8.686315144381913e-01 -1.035709497406569e-01
-8.701837546695257e-01 -2.654664384200994e-02
-8.717274065385090e-01 4.996195227522970e-02
-8.732624548099202e-01 1.246860599556722e-01
-8.747888843334529e-01 1.963803252872024e-01
-8.763066800438636e-01 2.638434253086065e-01
-8.778158269611216e-01 3.259380475718090e-01
-8.793163101905563e-01 3.816099132318600e-01
-8.808081149230036e-01 4.299055279813656e-01
-8.822912264349534e-01 4.699883644885390e-01
-8.837656300886935e-01 5.011532042474134e-01
-8.852313113324554e-01 5.228383955326137e-01
-8.866882557005565e-01 5.346358170196744e-01
-8.881364488135445e-01 5.362983730708033e-01
-8.895758763783380e-01 5.277448861180074e-01
-8.910065241883678e-01 5.090622933745715e-01
-8.924283781237180e-01 4.805050986039647e-01
-8.938414241512638e-01 4.424920741746444e-01
-8.952456483248118e-01 3.956002534126410e-01
-8.966410367852359e-01 3.405562976071257e-01
-8.980275757606158e-01 2.782253652058346e-01
-8.994052515663711e-01 2.095976520538499e-01
-9.007740506053981e-01 1.357728103011269e-01
-9.021339593682028e-01 5.794248919386721e-02
-9.034849644330348e-01 -2.262872722049866e-02
-9.048270524660196e-01 -1.046236829366896e-01
-9.061602102212898e-01 -1.866939881090646e-01
-9.074844245411170e-01 -2.674819895959041e-01
-9.087996823560401e-01 -3.456430189807007e-01
-9.101059706849958e-01 -4.198675567127576e-01
-9.114032766354453e-01 -4.889029504248228e-01
-9.126915874035028e-01 -5.515743307644289e-01
-9.139708902740612e-01 -6.068043791596989e-01
-9.152411726209175e-01 -6.536316186803247e-01
-9.165024219068980e-01 -6.912269213078202e-01
-9.177546256839811e-01 -7.189079521650990e-01
-9.189977715934214e-01 -7.361513031607378e-01
-9.202318473658704e-01 -7.426021045862311e-01
-9.214568408214984e-01 -7.380809429049584e-01
-9.226727398701149e-01 -7.225879556676948e-01
-9.238795325112867e-01 -6.963040195088505e-01
-9.250772068344582e-01 -6.595889938064641e-01
-9.262657510190666e-01 -6.129770300851995e-01
-9.274451533346614e-01 -5.571690048441408e-01
-9.286154021410173e-01 -4.930221804352438e-01
-9.297764858882515e-01 -4.215372441433962e-01
-9.309283931169358e-01 -3.438429189870224e-01
-9.320711124582109e-01 -2.611783802576366e-01
-9.332046326338986e-01 -1.748737487828522e-01
-9.343289424566120e-01 -8.632896471513948e-02
-9.354440308298674e-01 3.008626231675804e-03
-9.365498867481923e-01 9.166761923182876e-02
-9.376464992972358e-01 1.781764572467653e-01
-9.387338576538741e-01 2.610875146500010e-01
-9.398119510863198e-01 3.390009684693975e-01
-9.408807689542255e-01 4.105880689747627e-01
-9.419403007087905e-01 4.746134284225536e-01
-9.429905358928645e-01 5.299559600194611e-01
-9.440314641410497e-01 5.756281184102894e-01
-9.450630751798049e-01 6.107931179577137e-01
-9.460853588275453e-01 6.347798353975145e-01
-9.470983049947443e-01 6.470951386706889e-01
-9.481019036840320e-01 6.474334233182193e-01
-9.490961449902947e-01 6.356831811710904e-01
-9.500810191007718e-01 6.119304725067909e-01
-9.510565162951535e-01 5.764592216525617e-01
-9.520226269456766e-01 5.297483064309197e-01
-9.529793415172187e-01 4.724654630709812e-01
-9.539266505673936e-01 4.054580794382877e-01
-9.548645447466430e-01 3.297409998516989e-01
-9.557930147983302e-01 2.464815135495413e-01
-9.567120515588305e-01 1.569817452544608e-01
-9.576216459576222e-01 6.265870951305232e-02
-9.585217890173759e-01 -3.497767015247408e-02
-9.594124718540428e-01 -1.343482413981213e-01
-9.602936856769431e-01 -2.338296368868268e-01
-9.611654217888519e-01 -3.317802320133663e-01
-9.620276715860859e-01 -4.265666386199859e-01
-9.628804265585876e-01 -5.165903150133203e-01
-9.637236782900098e-01 -6.003138673839029e-01
-9.645574184577981e-01 -6.762866192155386e-01
-9.653816388332739e-01 -7.431690334764357e-01
-9.661963312817148e-01 -7.997555872182598e-01
-9.670014877624350e-01 -8.449957194852691e-01
-9.677971003288655e-01 -8.780125008568310e-01
-9.685831611286311e-01 -8.981187061233964e-01
-9.693596624036294e-01 -9.048300100428284e-01
-9.701265964901058e-01 -8.978750692697832e-01
-9.708839558187311e-01 -8.772023007496021e-01
-9.716317329146740e-01 -8.429832174038288e-01
-9.723699203976766e-01 -7.956122350361532e-01
-9.730985109821266e-01 -7.357029192396795e-01
-9.738174974771289e-01 -6.640806968400541e-01
-9.745268727865772e-01 -5.817721121973101e-01
-9.752266299092234e-01 -4.899907636406909e-01
-9.759167619387474e-01 -3.901201085579803e-01
-9.765972620638246e-01 -2.836933763651927e-01
-9.772681235681935e-01 -1.723708759305622e-01
-9.779293398307218e-01 -5.791502726420727e-02
-9.785809043254721e-01 5.783651429416736e-02
-9.792228106217659e-01 1.729992401785950e-01
-9.798550523842469e-01 2.856712487935525e-01
-9.804776233729444e-01 3.939633350710006e-01
-9.810905174433341e-01 4.960292469274505e-01
-9.816937285463989e-01 5.900956395039010e-01
-9.822872507286887e-01 6.744912586278571e-01
-9.828710781323792e-01 7.476748927475951e-01
-9.834452049953297e-01 8.082616475778501e-01
-9.840096256511397e-01 8.550471196775167e-01
-9.845643345292054e-01 8.870290738578008e-01
-9.851093261547739e-01 9.034262642930715e-01
-9.856445951489980e-01 9.036940799772204e-01
-9.861701362289889e-01 8.875367411418450e-01
-9.866859442078681e-01 8.549158237554768e-01
-9.871920139948192e-01 8.060549435053528e-01
-9.876883405951377e-01 7.414404879138261e-01
-9.881749191102805e-01 6.618183446017756e-01
-9.886517447379140e-01 5.681866342806072e-01
-9.891188127719618e-01 4.617845179150248e-01
-9.895761186026509e-01 3.440772077206106e-01
-9.900236577165576e-01 2.167373703167470e-01
-9.904614256966512e-01 8.162316654611759e-02
-9.908894182223387e-01 -5.924677467921273e-02
-9.913076310695066e-01 -2.037211024567044e-01
-9.917160601105628e-01 -3.495458200919824e-01
-9.921147013144779e-01 -4.943962634725476e-01
-9.925035507468237e-01 -6.359105217625314e-01
-9.928826045698137e-01 -7.717238154055730e-01
-9.932518590423394e-01 -8.995033284220362e-01
-9.936113105200084e-01 -1.016982981465385e+00
-9.939609554551797e-01 -1.121997629244856e+00
-9.943007903969989e-01 -1.212516170818544e+00
-9.946308119914323e-01 -1.286673073868287e+00
-9.949510169813002e-01 -1.342797834235200e+00
-9.952614022063083e-01 -1.379441919450775e+00
-9.955619646030800e-01 -1.395402779362937e+00
-9.958527012051857e-01 -1.389744547738526e+00
-9.961336091431725e-01 -1.361815105341216e+00
-9.964046856445924e-01 -1.311259226754927e+00
-9.966659280340299e-01 -1.238027589392121e+00
-9.969173337331280e-01 -1.142381482866754e+00
-9.971589002606139e-01 -1.024893119338614e+00
-9.973906252323237e-01 -8.864415096226168e-01
-9.976125063612252e-01 -7.282039348481288e-01
-9.978245414574415e-01 -5.516431082752158e-01
-9.980267284282716e-01 -3.584901855587141e-01
-9.982190652782118e-01 -1.507238433366837e-01
-9.984015501089750e-01 6.945429541763298e-02
-9.985741811195098e-01 2.996475561917034e-01
-9.987369566060175e-01 5.372950448709799e-01
-9.988898749619700e-01 7.797049893995063e-01
-9.990329346781247e-01 1.024090125494867e+00
-9.991661343425401e-01 1.267604629274148e+00
-9.992894726405892e-01 1.507382075401970e+00
-9.994029483549729e-01 1.740573882763160e+00
-9.995065603657316e-01 1.964387700934311e+00
-9.996003076502565e-01 2.176125190032343e+00
-9.996841892832999e-01 2.373218653883410e+00
-9.997582044369840e-01 2.553266001777680e+00
-9.998223523808090e-01 2.714063537146715e+00
-9.998766324816606e-01 2.853636101989041e+00
-9.999210442038161e-01 2.970264143313052e+00
-9.999555871089498e-01 3.062507311756956e+00
-9.999802608561371e-01 3.129224252181015e+00
-9.999950652018582e-01 3.169588300737569e+00
