                                                 0                                                  6 
                                                 0                                                 16 
                                                 0                                                 32 
                                                 1                                                  6 
                                                 1                                                  8 
                                                 1                                                 17 
                                                 2                                                  8 
                                                 2                                                  9 
                                                 2                                                 18 
                                                 3                                                  9 
                                                 3                                                 19 
                                                 3                                                208 
                                                 4                                                  6 
                                                 4                                                 12 
                                                 4                                                 33 
                                                 5                                                  8 
                                                 5                                                 12 
                                                 5                                                 13 
                                                 7                                                  9 
                                                 7                                                 13 
                                                 7                                                209 
                                                10                                                 12 
                                                10                                                 15 
                                                10                                                 34 
                                                11                                                 13 
                                                11                                                 15 
                                                11                                                210 
                                                14                                                 15 
                                                14                                                 35 
                                                14                                                211 
                                                16                                                 22 
                                                16                                                 64 
                                                17                                                 22 
                                                17                                                 24 
                                                18                                                 24 
                                                18                                                 25 
                                                19                                                 25 
                                                19                                                240 
                                                20                                                 22 
                                                20                                                 28 
                                                20                                                 68 
                                                21                                                 24 
                                                21                                                 28 
                                                21                                                 29 
                                                23                                                 25 
                                                23                                                 29 
                                                23                                                244 
                                                26                                                 28 
                                                26                                                 31 
                                                26                                                 74 
                                                27                                                 29 
                                                27                                                 31 
                                                27                                                250 
                                                30                                                 31 
                                                30                                                 78 
                                                30                                                254 
                                                32                                                 38 
                                                32                                                 48 
                                                33                                                 38 
                                                33                                                 40 
                                                34                                                 40 
                                                34                                                 41 
                                                35                                                 41 
                                                35                                                115 
                                                36                                                 38 
                                                36                                                 44 
                                                36                                                 49 
                                                37                                                 40 
                                                37                                                 44 
                                                37                                                 45 
                                                39                                                 41 
                                                39                                                 45 
                                                39                                                119 
                                                42                                                 44 
                                                42                                                 47 
                                                42                                                 50 
                                                43                                                 45 
                                                43                                                 47 
                                                43                                                123 
                                                46                                                 47 
                                                46                                                 51 
                                                46                                                126 
                                                48                                                 54 
                                                48                                                 64 
                                                49                                                 54 
                                                49                                                 56 
                                                50                                                 56 
                                                50                                                 57 
                                                51                                                 57 
                                                51                                                195 
                                                52                                                 54 
                                                52                                                 60 
                                                52                                                 65 
                                                53                                                 56 
                                                53                                                 60 
                                                53                                                 61 
                                                55                                                 57 
                                                55                                                 61 
                                                55                                                199 
                                                58                                                 60 
                                                58                                                 63 
                                                58                                                 66 
                                                59                                                 61 
                                                59                                                 63 
                                                59                                                203 
                                                62                                                 63 
                                                62                                                 67 
                                                62                                                206 
                                                64                                                 70 
                                                65                                                 70 
                                                65                                                 72 
                                                66                                                 72 
                                                66                                                 73 
                                                67                                                 73 
                                                67                                                291 
                                                68                                                 70 
                                                68                                                 76 
                                                69                                                 72 
                                                69                                                 76 
                                                69                                                 77 
                                                71                                                 73 
                                                71                                                 77 
                                                71                                                295 
                                                74                                                 76 
                                                74                                                 79 
                                                75                                                 77 
                                                75                                                 79 
                                                75                                                299 
                                                78                                                 79 
                                                78                                                302 
                                                80                                                 86 
                                                80                                                 96 
                                                80                                                144 
                                                81                                                 86 
                                                81                                                 88 
                                                81                                                 97 
                                                82                                                 88 
                                                82                                                 89 
                                                82                                                 98 
                                                83                                                 89 
                                                83                                                 99 
                                                83                                                160 
                                                84                                                 86 
                                                84                                                 92 
                                                84                                                145 
                                                85                                                 88 
                                                85                                                 92 
                                                85                                                 93 
                                                87                                                 89 
                                                87                                                 93 
                                                87                                                164 
                                                90                                                 92 
                                                90                                                 95 
                                                90                                                146 
                                                91                                                 93 
                                                91                                                 95 
                                                91                                                170 
                                                94                                                 95 
                                                94                                                147 
                                                94                                                174 
                                                96                                                102 
                                                96                                                112 
                                                97                                                102 
                                                97                                                104 
                                                98                                                104 
                                                98                                                105 
                                                99                                                105 
                                                99                                                192 
                                               100                                                102 
                                               100                                                108 
                                               100                                                116 
                                               101                                                104 
                                               101                                                108 
                                               101                                                109 
                                               103                                                105 
                                               103                                                109 
                                               103                                                193 
                                               106                                                108 
                                               106                                                111 
                                               106                                                122 
                                               107                                                109 
                                               107                                                111 
                                               107                                                194 
                                               110                                                111 
                                               110                                                126 
                                               110                                                195 
                                               112                                                118 
                                               112                                                128 
                                               113                                                118 
                                               113                                                120 
                                               113                                                129 
                                               114                                                120 
                                               114                                                121 
                                               114                                                130 
                                               115                                                121 
                                               115                                                131 
                                               116                                                118 
                                               116                                                124 
                                               117                                                120 
                                               117                                                124 
                                               117                                                125 
                                               119                                                121 
                                               119                                                125 
                                               122                                                124 
                                               122                                                127 
                                               123                                                125 
                                               123                                                127 
                                               126                                                127 
                                               128                                                134 
                                               128                                                144 
                                               129                                                134 
                                               129                                                136 
                                               130                                                136 
                                               130                                                137 
                                               131                                                137 
                                               131                                                211 
                                               132                                                134 
                                               132                                                140 
                                               132                                                148 
                                               133                                                136 
                                               133                                                140 
                                               133                                                141 
                                               135                                                137 
                                               135                                                141 
                                               135                                                215 
                                               138                                                140 
                                               138                                                143 
                                               138                                                154 
                                               139                                                141 
                                               139                                                143 
                                               139                                                219 
                                               142                                                143 
                                               142                                                158 
                                               142                                                222 
                                               144                                                150 
                                               145                                                150 
                                               145                                                152 
                                               146                                                152 
                                               146                                                153 
                                               147                                                153 
                                               147                                                304 
                                               148                                                150 
                                               148                                                156 
                                               149                                                152 
                                               149                                                156 
                                               149                                                157 
                                               151                                                153 
                                               151                                                157 
                                               151                                                308 
                                               154                                                156 
                                               154                                                159 
                                               155                                                157 
                                               155                                                159 
                                               155                                                314 
                                               158                                                159 
                                               158                                                318 
                                               160                                                166 
                                               160                                                176 
                                               161                                                166 
                                               161                                                168 
                                               161                                                177 
                                               162                                                168 
                                               162                                                169 
                                               162                                                178 
                                               163                                                169 
                                               163                                                179 
                                               163                                                256 
                                               164                                                166 
                                               164                                                172 
                                               165                                                168 
                                               165                                                172 
                                               165                                                173 
                                               167                                                169 
                                               167                                                173 
                                               167                                                257 
                                               170                                                172 
                                               170                                                175 
                                               171                                                173 
                                               171                                                175 
                                               171                                                258 
                                               174                                                175 
                                               174                                                259 
                                               176                                                182 
                                               176                                                192 
                                               177                                                182 
                                               177                                                184 
                                               178                                                184 
                                               178                                                185 
                                               179                                                185 
                                               179                                                288 
                                               180                                                182 
                                               180                                                188 
                                               180                                                196 
                                               181                                                184 
                                               181                                                188 
                                               181                                                189 
                                               183                                                185 
                                               183                                                189 
                                               183                                                289 
                                               186                                                188 
                                               186                                                191 
                                               186                                                202 
                                               187                                                189 
                                               187                                                191 
                                               187                                                290 
                                               190                                                191 
                                               190                                                206 
                                               190                                                291 
                                               192                                                198 
                                               193                                                198 
                                               193                                                200 
                                               194                                                200 
                                               194                                                201 
                                               195                                                201 
                                               196                                                198 
                                               196                                                204 
                                               197                                                200 
                                               197                                                204 
                                               197                                                205 
                                               199                                                201 
                                               199                                                205 
                                               202                                                204 
                                               202                                                207 
                                               203                                                205 
                                               203                                                207 
                                               206                                                207 
                                               208                                                214 
                                               208                                                224 
                                               209                                                214 
                                               209                                                216 
                                               210                                                216 
                                               210                                                217 
                                               211                                                217 
                                               212                                                214 
                                               212                                                220 
                                               212                                                228 
                                               213                                                216 
                                               213                                                220 
                                               213                                                221 
                                               215                                                217 
                                               215                                                221 
                                               218                                                220 
                                               218                                                223 
                                               218                                                234 
                                               219                                                221 
                                               219                                                223 
                                               222                                                223 
                                               222                                                238 
                                               224                                                230 
                                               224                                                240 
                                               225                                                230 
                                               225                                                232 
                                               225                                                241 
                                               226                                                232 
                                               226                                                233 
                                               226                                                242 
                                               227                                                233 
                                               227                                                243 
                                               227                                                307 
                                               228                                                230 
                                               228                                                236 
                                               229                                                232 
                                               229                                                236 
                                               229                                                237 
                                               231                                                233 
                                               231                                                237 
                                               231                                                311 
                                               234                                                236 
                                               234                                                239 
                                               235                                                237 
                                               235                                                239 
                                               235                                                315 
                                               238                                                239 
                                               238                                                318 
                                               240                                                246 
                                               241                                                246 
                                               241                                                248 
                                               242                                                248 
                                               242                                                249 
                                               243                                                249 
                                               243                                                275 
                                               244                                                246 
                                               244                                                252 
                                               245                                                248 
                                               245                                                252 
                                               245                                                253 
                                               247                                                249 
                                               247                                                253 
                                               247                                                279 
                                               250                                                252 
                                               250                                                255 
                                               251                                                253 
                                               251                                                255 
                                               251                                                283 
                                               254                                                255 
                                               254                                                286 
                                               256                                                262 
                                               256                                                272 
                                               257                                                262 
                                               257                                                264 
                                               258                                                264 
                                               258                                                265 
                                               259                                                265 
                                               259                                                304 
                                               260                                                262 
                                               260                                                268 
                                               260                                                273 
                                               261                                                264 
                                               261                                                268 
                                               261                                                269 
                                               263                                                265 
                                               263                                                269 
                                               263                                                305 
                                               266                                                268 
                                               266                                                271 
                                               266                                                274 
                                               267                                                269 
                                               267                                                271 
                                               267                                                306 
                                               270                                                271 
                                               270                                                275 
                                               270                                                307 
                                               272                                                278 
                                               272                                                288 
                                               273                                                278 
                                               273                                                280 
                                               274                                                280 
                                               274                                                281 
                                               275                                                281 
                                               276                                                278 
                                               276                                                284 
                                               276                                                292 
                                               277                                                280 
                                               277                                                284 
                                               277                                                285 
                                               279                                                281 
                                               279                                                285 
                                               282                                                284 
                                               282                                                287 
                                               282                                                298 
                                               283                                                285 
                                               283                                                287 
                                               286                                                287 
                                               286                                                302 
                                               288                                                294 
                                               289                                                294 
                                               289                                                296 
                                               290                                                296 
                                               290                                                297 
                                               291                                                297 
                                               292                                                294 
                                               292                                                300 
                                               293                                                296 
                                               293                                                300 
                                               293                                                301 
                                               295                                                297 
                                               295                                                301 
                                               298                                                300 
                                               298                                                303 
                                               299                                                301 
                                               299                                                303 
                                               302                                                303 
                                               304                                                310 
                                               305                                                310 
                                               305                                                312 
                                               306                                                312 
                                               306                                                313 
                                               307                                                313 
                                               308                                                310 
                                               308                                                316 
                                               309                                                312 
                                               309                                                316 
                                               309                                                317 
                                               311                                                313 
                                               311                                                317 
                                               314                                                316 
                                               314                                                319 
                                               315                                                317 
                                               315                                                319 
                                               318                                                319 
