                                                 0                                                  5                                                  1 
                                                 1                                                  6                                                  2 
                                                 2                                                  7                                                  3 
                                                 3                                                  8                                                  4 
                                                 5                                                  9                                                  6 
                                                 6                                                 10                                                  7 
                                                 6                                                  1                                                  5 
                                                 7                                                 11                                                  8 
                                                 7                                                  2                                                  6 
                                                 8                                                  3                                                  7 
                                                 9                                                 12                                                 10 
                                                10                                                 13                                                 11 
                                                10                                                  6                                                  9 
                                                11                                                  7                                                 10 
                                                12                                                 14                                                 13 
                                                13                                                 10                                                 12 
                                                 0                                                 15                                                  1 
                                                 1                                                 16                                                  2 
                                                 2                                                 17                                                  3 
                                                 3                                                 18                                                  4 
                                                15                                                 19                                                 16 
                                                16                                                 20                                                 17 
                                                16                                                  1                                                 15 
                                                17                                                 21                                                 18 
                                                17                                                  2                                                 16 
                                                18                                                  3                                                 17 
                                                19                                                 22                                                 20 
                                                20                                                 23                                                 21 
                                                20                                                 16                                                 19 
                                                21                                                 17                                                 20 
                                                22                                                 24                                                 23 
                                                23                                                 20                                                 22 
                                                 0                                                 25                                                  5 
                                                 5                                                 26                                                  9 
                                                 9                                                 27                                                 12 
                                                12                                                 28                                                 14 
                                                25                                                 29                                                 26 
                                                26                                                 30                                                 27 
                                                26                                                  5                                                 25 
                                                27                                                 31                                                 28 
                                                27                                                  9                                                 26 
                                                28                                                 12                                                 27 
                                                29                                                 32                                                 30 
                                                30                                                 33                                                 31 
                                                30                                                 26                                                 29 
                                                31                                                 27                                                 30 
                                                32                                                 34                                                 33 
                                                33                                                 30                                                 32 
                                                 0                                                 35                                                 25 
                                                25                                                 36                                                 29 
                                                29                                                 37                                                 32 
                                                32                                                 38                                                 34 
                                                35                                                 39                                                 36 
                                                36                                                 40                                                 37 
                                                36                                                 25                                                 35 
                                                37                                                 41                                                 38 
                                                37                                                 29                                                 36 
                                                38                                                 32                                                 37 
                                                39                                                 42                                                 40 
                                                40                                                 43                                                 41 
                                                40                                                 36                                                 39 
                                                41                                                 37                                                 40 
                                                42                                                 44                                                 43 
                                                43                                                 40                                                 42 
                                                 0                                                 15                                                 35 
                                                35                                                 45                                                 39 
                                                39                                                 46                                                 42 
                                                42                                                 47                                                 44 
                                                15                                                 19                                                 45 
                                                45                                                 48                                                 46 
                                                45                                                 35                                                 15 
                                                46                                                 49                                                 47 
                                                46                                                 39                                                 45 
                                                47                                                 42                                                 46 
                                                19                                                 22                                                 48 
                                                48                                                 50                                                 49 
                                                48                                                 45                                                 19 
                                                49                                                 46                                                 48 
                                                22                                                 24                                                 50 
                                                50                                                 48                                                 22 
                                                51                                                 56                                                 52 
                                                52                                                 57                                                 53 
                                                53                                                 58                                                 54 
                                                54                                                 59                                                 55 
                                                56                                                 60                                                 57 
                                                57                                                 61                                                 58 
                                                57                                                 52                                                 56 
                                                58                                                 62                                                 59 
                                                58                                                 53                                                 57 
                                                59                                                 54                                                 58 
                                                60                                                 63                                                 61 
                                                61                                                 64                                                 62 
                                                61                                                 57                                                 60 
                                                62                                                 58                                                 61 
                                                63                                                 65                                                 64 
                                                64                                                 61                                                 63 
                                                51                                                 66                                                 52 
                                                52                                                 67                                                 53 
                                                53                                                 68                                                 54 
                                                54                                                 69                                                 55 
                                                66                                                 70                                                 67 
                                                67                                                 71                                                 68 
                                                67                                                 52                                                 66 
                                                68                                                 72                                                 69 
                                                68                                                 53                                                 67 
                                                69                                                 54                                                 68 
                                                70                                                 73                                                 71 
                                                71                                                 74                                                 72 
                                                71                                                 67                                                 70 
                                                72                                                 68                                                 71 
                                                73                                                 34                                                 74 
                                                74                                                 71                                                 73 
                                                51                                                 66                                                 75 
                                                75                                                 78                                                 76 
                                                76                                                 79                                                 77 
                                                77                                                 28                                                 14 
                                                66                                                 70                                                 78 
                                                78                                                 80                                                 79 
                                                78                                                 75                                                 66 
                                                79                                                 31                                                 28 
                                                79                                                 76                                                 78 
                                                28                                                 77                                                 79 
                                                70                                                 73                                                 80 
                                                80                                                 33                                                 31 
                                                80                                                 78                                                 70 
                                                31                                                 79                                                 80 
                                                73                                                 34                                                 33 
                                                33                                                 80                                                 73 
                                                51                                                 81                                                 75 
                                                75                                                 82                                                 76 
                                                76                                                 83                                                 77 
                                                77                                                 84                                                 14 
                                                81                                                 85                                                 82 
                                                82                                                 86                                                 83 
                                                82                                                 75                                                 81 
                                                83                                                 87                                                 84 
                                                83                                                 76                                                 82 
                                                84                                                 77                                                 83 
                                                85                                                 88                                                 86 
                                                86                                                 89                                                 87 
                                                86                                                 82                                                 85 
                                                87                                                 83                                                 86 
                                                88                                                 90                                                 89 
                                                89                                                 86                                                 88 
                                                51                                                 81                                                 56 
                                                56                                                 91                                                 60 
                                                60                                                 92                                                 63 
                                                63                                                 93                                                 65 
                                                81                                                 85                                                 91 
                                                91                                                 94                                                 92 
                                                91                                                 56                                                 81 
                                                92                                                 95                                                 93 
                                                92                                                 60                                                 91 
                                                93                                                 63                                                 92 
                                                85                                                 88                                                 94 
                                                94                                                 96                                                 95 
                                                94                                                 91                                                 85 
                                                95                                                 92                                                 94 
                                                88                                                 90                                                 96 
                                                96                                                 94                                                 88 
                                                55                                                 59                                                 97 
                                                97                                                101                                                 98 
                                                98                                                102                                                 99 
                                                99                                                103                                                100 
                                                59                                                 62                                                101 
                                               101                                                104                                                102 
                                               101                                                 97                                                 59 
                                               102                                                105                                                103 
                                               102                                                 98                                                101 
                                               103                                                 99                                                102 
                                                62                                                 64                                                104 
                                               104                                                106                                                105 
                                               104                                                101                                                 62 
                                               105                                                102                                                104 
                                                64                                                 65                                                106 
                                               106                                                104                                                 64 
                                                55                                                107                                                 97 
                                                97                                                108                                                 98 
                                                98                                                109                                                 99 
                                                99                                                110                                                100 
                                               107                                                111                                                108 
                                               108                                                112                                                109 
                                               108                                                 97                                                107 
                                               109                                                113                                                110 
                                               109                                                 98                                                108 
                                               110                                                 99                                                109 
                                               111                                                114                                                112 
                                               112                                                115                                                113 
                                               112                                                108                                                111 
                                               113                                                109                                                112 
                                               114                                                 44                                                115 
                                               115                                                112                                                114 
                                                55                                                107                                                 69 
                                                69                                                116                                                 72 
                                                72                                                117                                                 74 
                                                74                                                 38                                                 34 
                                               107                                                111                                                116 
                                               116                                                118                                                117 
                                               116                                                 69                                                107 
                                               117                                                 41                                                 38 
                                               117                                                 72                                                116 
                                                38                                                 74                                                117 
                                               111                                                114                                                118 
                                               118                                                 43                                                 41 
                                               118                                                116                                                111 
                                                41                                                117                                                118 
                                               114                                                 44                                                 43 
                                                43                                                118                                                114 
                                                 4                                                119                                                  8 
                                                 8                                                120                                                 11 
                                                11                                                121                                                 13 
                                                13                                                 84                                                 14 
                                               119                                                122                                                120 
                                               120                                                123                                                121 
                                               120                                                  8                                                119 
                                               121                                                 87                                                 84 
                                               121                                                 11                                                120 
                                                84                                                 13                                                121 
                                               122                                                124                                                123 
                                               123                                                 89                                                 87 
                                               123                                                120                                                122 
                                                87                                                121                                                123 
                                               124                                                 90                                                 89 
                                                89                                                123                                                124 
                                                 4                                                119                                                125 
                                               125                                                129                                                126 
                                               126                                                130                                                127 
                                               127                                                131                                                128 
                                               119                                                122                                                129 
                                               129                                                132                                                130 
                                               129                                                125                                                119 
                                               130                                                133                                                131 
                                               130                                                126                                                129 
                                               131                                                127                                                130 
                                               122                                                124                                                132 
                                               132                                                134                                                133 
                                               132                                                129                                                122 
                                               133                                                130                                                132 
                                               124                                                 90                                                134 
                                               134                                                132                                                124 
                                                 4                                                 18                                                125 
                                               125                                                135                                                126 
                                               126                                                136                                                127 
                                               127                                                137                                                128 
                                                18                                                 21                                                135 
                                               135                                                138                                                136 
                                               135                                                125                                                 18 
                                               136                                                139                                                137 
                                               136                                                126                                                135 
                                               137                                                127                                                136 
                                                21                                                 23                                                138 
                                               138                                                140                                                139 
                                               138                                                135                                                 21 
                                               139                                                136                                                138 
                                                23                                                 24                                                140 
                                               140                                                138                                                 23 
                                               100                                                141                                                103 
                                               103                                                142                                                105 
                                               105                                                143                                                106 
                                               106                                                144                                                 65 
                                               141                                                145                                                142 
                                               142                                                146                                                143 
                                               142                                                103                                                141 
                                               143                                                147                                                144 
                                               143                                                105                                                142 
                                               144                                                106                                                143 
                                               145                                                148                                                146 
                                               146                                                149                                                147 
                                               146                                                142                                                145 
                                               147                                                143                                                146 
                                               148                                                128                                                149 
                                               149                                                146                                                148 
                                               100                                                150                                                141 
                                               141                                                151                                                145 
                                               145                                                152                                                148 
                                               148                                                137                                                128 
                                               150                                                153                                                151 
                                               151                                                154                                                152 
                                               151                                                141                                                150 
                                               152                                                139                                                137 
                                               152                                                145                                                151 
                                               137                                                148                                                152 
                                               153                                                155                                                154 
                                               154                                                140                                                139 
                                               154                                                151                                                153 
                                               139                                                152                                                154 
                                               155                                                 24                                                140 
                                               140                                                154                                                155 
                                               100                                                150                                                110 
                                               110                                                156                                                113 
                                               113                                                157                                                115 
                                               115                                                 47                                                 44 
                                               150                                                153                                                156 
                                               156                                                158                                                157 
                                               156                                                110                                                150 
                                               157                                                 49                                                 47 
                                               157                                                113                                                156 
                                                47                                                115                                                157 
                                               153                                                155                                                158 
                                               158                                                 50                                                 49 
                                               158                                                156                                                153 
                                                49                                                157                                                158 
                                               155                                                 24                                                 50 
                                                50                                                158                                                155 
                                                65                                                 93                                                144 
                                               144                                                159                                                147 
                                               147                                                160                                                149 
                                               149                                                131                                                128 
                                                93                                                 95                                                159 
                                               159                                                161                                                160 
                                               159                                                144                                                 93 
                                               160                                                133                                                131 
                                               160                                                147                                                159 
                                               131                                                149                                                160 
                                                95                                                 96                                                161 
                                               161                                                134                                                133 
                                               161                                                159                                                 95 
                                               133                                                160                                                161 
                                                96                                                 90                                                134 
                                               134                                                161                                                 96 
