                                                 6                                                 16                                                 32 
                                                 6                                                  8                                                 17 
                                                 8                                                  9                                                 18 
                                                 9                                                 19                                                208 
                                                 6                                                 12                                                 33 
                                                 8                                                 12                                                 13 
                                                 0                                                  1                                                  4 
                                                 9                                                 13                                                209 
                                                 1                                                  2                                                  5 
                                                 2                                                  3                                                  7 
                                                12                                                 15                                                 34 
                                                13                                                 15                                                210 
                                                 4                                                  5                                                 10 
                                                 5                                                  7                                                 11 
                                                15                                                 35                                                211 
                                                10                                                 11                                                 14 
                                                 0                                                 22                                                 64 
                                                 1                                                 22                                                 24 
                                                 2                                                 24                                                 25 
                                                 3                                                 25                                                240 
                                                22                                                 28                                                 68 
                                                24                                                 28                                                 29 
                                                16                                                 17                                                 20 
                                                25                                                 29                                                244 
                                                17                                                 18                                                 21 
                                                18                                                 19                                                 23 
                                                28                                                 31                                                 74 
                                                29                                                 31                                                250 
                                                20                                                 21                                                 26 
                                                21                                                 23                                                 27 
                                                31                                                 78                                                254 
                                                26                                                 27                                                 30 
                                                 0                                                 38                                                 48 
                                                 4                                                 38                                                 40 
                                                10                                                 40                                                 41 
                                                14                                                 41                                                115 
                                                38                                                 44                                                 49 
                                                40                                                 44                                                 45 
                                                32                                                 33                                                 36 
                                                41                                                 45                                                119 
                                                33                                                 34                                                 37 
                                                34                                                 35                                                 39 
                                                44                                                 47                                                 50 
                                                45                                                 47                                                123 
                                                36                                                 37                                                 42 
                                                37                                                 39                                                 43 
                                                47                                                 51                                                126 
                                                42                                                 43                                                 46 
                                                32                                                 54                                                 64 
                                                36                                                 54                                                 56 
                                                42                                                 56                                                 57 
                                                46                                                 57                                                195 
                                                54                                                 60                                                 65 
                                                56                                                 60                                                 61 
                                                48                                                 49                                                 52 
                                                57                                                 61                                                199 
                                                49                                                 50                                                 53 
                                                50                                                 51                                                 55 
                                                60                                                 63                                                 66 
                                                61                                                 63                                                203 
                                                52                                                 53                                                 58 
                                                53                                                 55                                                 59 
                                                63                                                 67                                                206 
                                                58                                                 59                                                 62 
                                                16                                                 48                                                 70 
                                                52                                                 70                                                 72 
                                                58                                                 72                                                 73 
                                                62                                                 73                                                291 
                                                20                                                 70                                                 76 
                                                72                                                 76                                                 77 
                                                64                                                 65                                                 68 
                                                73                                                 77                                                295 
                                                65                                                 66                                                 69 
                                                66                                                 67                                                 71 
                                                26                                                 76                                                 79 
                                                77                                                 79                                                299 
                                                68                                                 69                                                 74 
                                                69                                                 71                                                 75 
                                                30                                                 79                                                302 
                                                74                                                 75                                                 78 
                                                86                                                 96                                                144 
                                                86                                                 88                                                 97 
                                                88                                                 89                                                 98 
                                                89                                                 99                                                160 
                                                86                                                 92                                                145 
                                                88                                                 92                                                 93 
                                                80                                                 81                                                 84 
                                                89                                                 93                                                164 
                                                81                                                 82                                                 85 
                                                82                                                 83                                                 87 
                                                92                                                 95                                                146 
                                                93                                                 95                                                170 
                                                84                                                 85                                                 90 
                                                85                                                 87                                                 91 
                                                95                                                147                                                174 
                                                90                                                 91                                                 94 
                                                80                                                102                                                112 
                                                81                                                102                                                104 
                                                82                                                104                                                105 
                                                83                                                105                                                192 
                                               102                                                108                                                116 
                                               104                                                108                                                109 
                                                96                                                 97                                                100 
                                               105                                                109                                                193 
                                                97                                                 98                                                101 
                                                98                                                 99                                                103 
                                               108                                                111                                                122 
                                               109                                                111                                                194 
                                               100                                                101                                                106 
                                               101                                                103                                                107 
                                               111                                                126                                                195 
                                               106                                                107                                                110 
                                                96                                                118                                                128 
                                               118                                                120                                                129 
                                               120                                                121                                                130 
                                                35                                                121                                                131 
                                               100                                                118                                                124 
                                               120                                                124                                                125 
                                               112                                                113                                                116 
                                                39                                                121                                                125 
                                               113                                                114                                                117 
                                               114                                                115                                                119 
                                               106                                                124                                                127 
                                                43                                                125                                                127 
                                               116                                                117                                                122 
                                               117                                                119                                                123 
                                                46                                                110                                                127 
                                               122                                                123                                                126 
                                               112                                                134                                                144 
                                               113                                                134                                                136 
                                               114                                                136                                                137 
                                               115                                                137                                                211 
                                               134                                                140                                                148 
                                               136                                                140                                                141 
                                               128                                                129                                                132 
                                               137                                                141                                                215 
                                               129                                                130                                                133 
                                               130                                                131                                                135 
                                               140                                                143                                                154 
                                               141                                                143                                                219 
                                               132                                                133                                                138 
                                               133                                                135                                                139 
                                               143                                                158                                                222 
                                               138                                                139                                                142 
                                                80                                                128                                                150 
                                                84                                                150                                                152 
                                                90                                                152                                                153 
                                                94                                                153                                                304 
                                               132                                                150                                                156 
                                               152                                                156                                                157 
                                               144                                                145                                                148 
                                               153                                                157                                                308 
                                               145                                                146                                                149 
                                               146                                                147                                                151 
                                               138                                                156                                                159 
                                               157                                                159                                                314 
                                               148                                                149                                                154 
                                               149                                                151                                                155 
                                               142                                                159                                                318 
                                               154                                                155                                                158 
                                                83                                                166                                                176 
                                               166                                                168                                                177 
                                               168                                                169                                                178 
                                               169                                                179                                                256 
                                                87                                                166                                                172 
                                               168                                                172                                                173 
                                               160                                                161                                                164 
                                               169                                                173                                                257 
                                               161                                                162                                                165 
                                               162                                                163                                                167 
                                                91                                                172                                                175 
                                               173                                                175                                                258 
                                               164                                                165                                                170 
                                               165                                                167                                                171 
                                                94                                                175                                                259 
                                               170                                                171                                                174 
                                               160                                                182                                                192 
                                               161                                                182                                                184 
                                               162                                                184                                                185 
                                               163                                                185                                                288 
                                               182                                                188                                                196 
                                               184                                                188                                                189 
                                               176                                                177                                                180 
                                               185                                                189                                                289 
                                               177                                                178                                                181 
                                               178                                                179                                                183 
                                               188                                                191                                                202 
                                               189                                                191                                                290 
                                               180                                                181                                                186 
                                               181                                                183                                                187 
                                               191                                                206                                                291 
                                               186                                                187                                                190 
                                                99                                                176                                                198 
                                               103                                                198                                                200 
                                               107                                                200                                                201 
                                                51                                                110                                                201 
                                               180                                                198                                                204 
                                               200                                                204                                                205 
                                               192                                                193                                                196 
                                                55                                                201                                                205 
                                               193                                                194                                                197 
                                               194                                                195                                                199 
                                               186                                                204                                                207 
                                                59                                                205                                                207 
                                               196                                                197                                                202 
                                               197                                                199                                                203 
                                                62                                                190                                                207 
                                               202                                                203                                                206 
                                                 3                                                214                                                224 
                                                 7                                                214                                                216 
                                                11                                                216                                                217 
                                                14                                                131                                                217 
                                               214                                                220                                                228 
                                               216                                                220                                                221 
                                               208                                                209                                                212 
                                               135                                                217                                                221 
                                               209                                                210                                                213 
                                               210                                                211                                                215 
                                               220                                                223                                                234 
                                               139                                                221                                                223 
                                               212                                                213                                                218 
                                               213                                                215                                                219 
                                               142                                                223                                                238 
                                               218                                                219                                                222 
                                               208                                                230                                                240 
                                               230                                                232                                                241 
                                               232                                                233                                                242 
                                               233                                                243                                                307 
                                               212                                                230                                                236 
                                               232                                                236                                                237 
                                               224                                                225                                                228 
                                               233                                                237                                                311 
                                               225                                                226                                                229 
                                               226                                                227                                                231 
                                               218                                                236                                                239 
                                               237                                                239                                                315 
                                               228                                                229                                                234 
                                               229                                                231                                                235 
                                               222                                                239                                                318 
                                               234                                                235                                                238 
                                                19                                                224                                                246 
                                               225                                                246                                                248 
                                               226                                                248                                                249 
                                               227                                                249                                                275 
                                                23                                                246                                                252 
                                               248                                                252                                                253 
                                               240                                                241                                                244 
                                               249                                                253                                                279 
                                               241                                                242                                                245 
                                               242                                                243                                                247 
                                                27                                                252                                                255 
                                               253                                                255                                                283 
                                               244                                                245                                                250 
                                               245                                                247                                                251 
                                                30                                                255                                                286 
                                               250                                                251                                                254 
                                               163                                                262                                                272 
                                               167                                                262                                                264 
                                               171                                                264                                                265 
                                               174                                                265                                                304 
                                               262                                                268                                                273 
                                               264                                                268                                                269 
                                               256                                                257                                                260 
                                               265                                                269                                                305 
                                               257                                                258                                                261 
                                               258                                                259                                                263 
                                               268                                                271                                                274 
                                               269                                                271                                                306 
                                               260                                                261                                                266 
                                               261                                                263                                                267 
                                               271                                                275                                                307 
                                               266                                                267                                                270 
                                               256                                                278                                                288 
                                               260                                                278                                                280 
                                               266                                                280                                                281 
                                               243                                                270                                                281 
                                               278                                                284                                                292 
                                               280                                                284                                                285 
                                               272                                                273                                                276 
                                               247                                                281                                                285 
                                               273                                                274                                                277 
                                               274                                                275                                                279 
                                               284                                                287                                                298 
                                               251                                                285                                                287 
                                               276                                                277                                                282 
                                               277                                                279                                                283 
                                               254                                                287                                                302 
                                               282                                                283                                                286 
                                               179                                                272                                                294 
                                               183                                                294                                                296 
                                               187                                                296                                                297 
                                                67                                                190                                                297 
                                               276                                                294                                                300 
                                               296                                                300                                                301 
                                               288                                                289                                                292 
                                                71                                                297                                                301 
                                               289                                                290                                                293 
                                               290                                                291                                                295 
                                               282                                                300                                                303 
                                                75                                                301                                                303 
                                               292                                                293                                                298 
                                               293                                                295                                                299 
                                                78                                                286                                                303 
                                               298                                                299                                                302 
                                               147                                                259                                                310 
                                               263                                                310                                                312 
                                               267                                                312                                                313 
                                               227                                                270                                                313 
                                               151                                                310                                                316 
                                               312                                                316                                                317 
                                               304                                                305                                                308 
                                               231                                                313                                                317 
                                               305                                                306                                                309 
                                               306                                                307                                                311 
                                               155                                                316                                                319 
                                               235                                                317                                                319 
                                               308                                                309                                                314 
                                               309                                                311                                                315 
                                               158                                                238                                                319 
                                               314                                                315                                                318 
