                                                 5                                                  1                                                 15                                                 25                                                 35 
                                                 5                                                  0                                                  6                                                  2                                                 15                                                 16 
                                                 6                                                  1                                                  7                                                  3                                                 16                                                 17 
                                                 7                                                  2                                                  8                                                  4                                                 17                                                 18 
                                                 8                                                  3                                                 18                                                119                                                125 
                                                 0                                                  1                                                  9                                                  6                                                 25                                                 26 
                                                 1                                                  2                                                  9                                                  5                                                 10                                                  7 
                                                 2                                                  3                                                 10                                                  6                                                 11                                                  8 
                                                 3                                                  4                                                 11                                                  7                                                119                                                120 
                                                 5                                                  6                                                 12                                                 10                                                 26                                                 27 
                                                 6                                                  7                                                 12                                                  9                                                 13                                                 11 
                                                 7                                                  8                                                 13                                                 10                                                120                                                121 
                                                 9                                                 10                                                 14                                                 13                                                 27                                                 28 
                                                10                                                 11                                                 14                                                 12                                                121                                                 84 
                                                12                                                 13                                                 28                                                 77                                                 84 
                                                 0                                                  1                                                 19                                                 16                                                 35                                                 45 
                                                 1                                                  2                                                 19                                                 15                                                 20                                                 17 
                                                 2                                                  3                                                 20                                                 16                                                 21                                                 18 
                                                 3                                                  4                                                 21                                                 17                                                125                                                135 
                                                15                                                 16                                                 22                                                 20                                                 45                                                 48 
                                                16                                                 17                                                 22                                                 19                                                 23                                                 21 
                                                17                                                 18                                                 23                                                 20                                                135                                                138 
                                                19                                                 20                                                 24                                                 23                                                 48                                                 50 
                                                20                                                 21                                                 24                                                 22                                                138                                                140 
                                                22                                                 23                                                 50                                                140                                                155 
                                                 0                                                  5                                                 29                                                 26                                                 35                                                 36 
                                                 5                                                  9                                                 29                                                 25                                                 30                                                 27 
                                                 9                                                 12                                                 30                                                 26                                                 31                                                 28 
                                                12                                                 14                                                 31                                                 27                                                 77                                                 79 
                                                25                                                 26                                                 32                                                 30                                                 36                                                 37 
                                                26                                                 27                                                 32                                                 29                                                 33                                                 31 
                                                27                                                 28                                                 33                                                 30                                                 79                                                 80 
                                                29                                                 30                                                 34                                                 33                                                 37                                                 38 
                                                30                                                 31                                                 34                                                 32                                                 80                                                 73 
                                                32                                                 33                                                 38                                                 73                                                 74 
                                                 0                                                 25                                                 39                                                 36                                                 15                                                 45 
                                                25                                                 29                                                 39                                                 35                                                 40                                                 37 
                                                29                                                 32                                                 40                                                 36                                                 41                                                 38 
                                                32                                                 34                                                 41                                                 37                                                 74                                                117 
                                                35                                                 36                                                 42                                                 40                                                 45                                                 46 
                                                36                                                 37                                                 42                                                 39                                                 43                                                 41 
                                                37                                                 38                                                 43                                                 40                                                117                                                118 
                                                39                                                 40                                                 44                                                 43                                                 46                                                 47 
                                                40                                                 41                                                 44                                                 42                                                118                                                114 
                                                42                                                 43                                                 47                                                114                                                115 
                                                35                                                 39                                                 19                                                 15                                                 48                                                 46 
                                                39                                                 42                                                 48                                                 45                                                 49                                                 47 
                                                42                                                 44                                                 49                                                 46                                                115                                                157 
                                                45                                                 46                                                 22                                                 19                                                 50                                                 49 
                                                46                                                 47                                                 50                                                 48                                                157                                                158 
                                                48                                                 49                                                 24                                                 22                                                158                                                155 
                                                56                                                 52                                                 66                                                 75                                                 81 
                                                56                                                 51                                                 57                                                 53                                                 66                                                 67 
                                                57                                                 52                                                 58                                                 54                                                 67                                                 68 
                                                58                                                 53                                                 59                                                 55                                                 68                                                 69 
                                                59                                                 54                                                 69                                                 97                                                107 
                                                51                                                 52                                                 60                                                 57                                                 81                                                 91 
                                                52                                                 53                                                 60                                                 56                                                 61                                                 58 
                                                53                                                 54                                                 61                                                 57                                                 62                                                 59 
                                                54                                                 55                                                 62                                                 58                                                 97                                                101 
                                                56                                                 57                                                 63                                                 61                                                 91                                                 92 
                                                57                                                 58                                                 63                                                 60                                                 64                                                 62 
                                                58                                                 59                                                 64                                                 61                                                101                                                104 
                                                60                                                 61                                                 65                                                 64                                                 92                                                 93 
                                                61                                                 62                                                 65                                                 63                                                104                                                106 
                                                63                                                 64                                                 93                                                106                                                144 
                                                51                                                 52                                                 70                                                 67                                                 75                                                 78 
                                                52                                                 53                                                 70                                                 66                                                 71                                                 68 
                                                53                                                 54                                                 71                                                 67                                                 72                                                 69 
                                                54                                                 55                                                 72                                                 68                                                107                                                116 
                                                66                                                 67                                                 73                                                 71                                                 78                                                 80 
                                                67                                                 68                                                 73                                                 70                                                 74                                                 72 
                                                68                                                 69                                                 74                                                 71                                                116                                                117 
                                                70                                                 71                                                 34                                                 74                                                 80                                                 33 
                                                71                                                 72                                                 34                                                 73                                                117                                                 38 
                                                66                                                 51                                                 78                                                 76                                                 81                                                 82 
                                                78                                                 75                                                 79                                                 77                                                 82                                                 83 
                                                79                                                 76                                                 28                                                 14                                                 83                                                 84 
                                                75                                                 76                                                 70                                                 66                                                 80                                                 79 
                                                76                                                 77                                                 80                                                 78                                                 31                                                 28 
                                                78                                                 79                                                 73                                                 70                                                 33                                                 31 
                                                51                                                 75                                                 85                                                 82                                                 56                                                 91 
                                                75                                                 76                                                 85                                                 81                                                 86                                                 83 
                                                76                                                 77                                                 86                                                 82                                                 87                                                 84 
                                                77                                                 14                                                 87                                                 83                                                 13                                                121 
                                                81                                                 82                                                 88                                                 86                                                 91                                                 94 
                                                82                                                 83                                                 88                                                 85                                                 89                                                 87 
                                                83                                                 84                                                 89                                                 86                                                121                                                123 
                                                85                                                 86                                                 90                                                 89                                                 94                                                 96 
                                                86                                                 87                                                 90                                                 88                                                123                                                124 
                                                88                                                 89                                                 96                                                124                                                134 
                                                56                                                 60                                                 85                                                 81                                                 94                                                 92 
                                                60                                                 63                                                 94                                                 91                                                 95                                                 93 
                                                63                                                 65                                                 95                                                 92                                                144                                                159 
                                                91                                                 92                                                 88                                                 85                                                 96                                                 95 
                                                92                                                 93                                                 96                                                 94                                                159                                                161 
                                                94                                                 95                                                 90                                                 88                                                161                                                134 
                                                59                                                 55                                                101                                                 98                                                107                                                108 
                                               101                                                 97                                                102                                                 99                                                108                                                109 
                                               102                                                 98                                                103                                                100                                                109                                                110 
                                               103                                                 99                                                110                                                141                                                150 
                                                97                                                 98                                                 62                                                 59                                                104                                                102 
                                                98                                                 99                                                104                                                101                                                105                                                103 
                                                99                                                100                                                105                                                102                                                141                                                142 
                                               101                                                102                                                 64                                                 62                                                106                                                105 
                                               102                                                103                                                106                                                104                                                142                                                143 
                                               104                                                105                                                 65                                                 64                                                143                                                144 
                                                55                                                 97                                                111                                                108                                                 69                                                116 
                                                97                                                 98                                                111                                                107                                                112                                                109 
                                                98                                                 99                                                112                                                108                                                113                                                110 
                                                99                                                100                                                113                                                109                                                150                                                156 
                                               107                                                108                                                114                                                112                                                116                                                118 
                                               108                                                109                                                114                                                111                                                115                                                113 
                                               109                                                110                                                115                                                112                                                156                                                157 
                                               111                                                112                                                 44                                                115                                                118                                                 43 
                                               112                                                113                                                 44                                                114                                                157                                                 47 
                                                69                                                 72                                                111                                                107                                                118                                                117 
                                                72                                                 74                                                118                                                116                                                 41                                                 38 
                                               116                                                117                                                114                                                111                                                 43                                                 41 
                                                 4                                                  8                                                122                                                120                                                125                                                129 
                                                 8                                                 11                                                122                                                119                                                123                                                121 
                                                11                                                 13                                                123                                                120                                                 87                                                 84 
                                               119                                                120                                                124                                                123                                                129                                                132 
                                               120                                                121                                                124                                                122                                                 89                                                 87 
                                               122                                                123                                                 90                                                 89                                                132                                                134 
                                               119                                                  4                                                129                                                126                                                 18                                                135 
                                               129                                                125                                                130                                                127                                                135                                                136 
                                               130                                                126                                                131                                                128                                                136                                                137 
                                               131                                                127                                                137                                                148                                                149 
                                               125                                                126                                                122                                                119                                                132                                                130 
                                               126                                                127                                                132                                                129                                                133                                                131 
                                               127                                                128                                                133                                                130                                                149                                                160 
                                               129                                                130                                                124                                                122                                                134                                                133 
                                               130                                                131                                                134                                                132                                                160                                                161 
                                               132                                                133                                                 90                                                124                                                161                                                 96 
                                               125                                                126                                                 21                                                 18                                                138                                                136 
                                               126                                                127                                                138                                                135                                                139                                                137 
                                               127                                                128                                                139                                                136                                                148                                                152 
                                               135                                                136                                                 23                                                 21                                                140                                                139 
                                               136                                                137                                                140                                                138                                                152                                                154 
                                               138                                                139                                                 24                                                 23                                                154                                                155 
                                               100                                                103                                                145                                                142                                                150                                                151 
                                               103                                                105                                                145                                                141                                                146                                                143 
                                               105                                                106                                                146                                                142                                                147                                                144 
                                               106                                                 65                                                147                                                143                                                 93                                                159 
                                               141                                                142                                                148                                                146                                                151                                                152 
                                               142                                                143                                                148                                                145                                                149                                                147 
                                               143                                                144                                                149                                                146                                                159                                                160 
                                               145                                                146                                                128                                                149                                                152                                                137 
                                               146                                                147                                                128                                                148                                                160                                                131 
                                               100                                                141                                                153                                                151                                                110                                                156 
                                               141                                                145                                                153                                                150                                                154                                                152 
                                               145                                                148                                                154                                                151                                                139                                                137 
                                               150                                                151                                                155                                                154                                                156                                                158 
                                               151                                                152                                                155                                                153                                                140                                                139 
                                               153                                                154                                                 24                                                140                                                158                                                 50 
                                               110                                                113                                                153                                                150                                                158                                                157 
                                               113                                                115                                                158                                                156                                                 49                                                 47 
                                               156                                                157                                                155                                                153                                                 50                                                 49 
                                               144                                                147                                                 95                                                 93                                                161                                                160 
                                               147                                                149                                                161                                                159                                                133                                                131 
                                               159                                                160                                                 96                                                 95                                                134                                                133 
