                  -4.8150722235983205166132137e-02                    1.4819268512878377985764189e-01                    9.8778562250241030984199142e-01 
                   3.3910385515056901128971845e-02                    4.0030949601356557998599328e-01                    9.1575236453726138741160412e-01 
                   1.1207001580905091853157529e-01                    6.4086010344109511915888788e-01                    7.5943310394927343587312407e-01 
                   1.6849066156038614017198540e-01                    8.1494630550973534699465972e-01                    5.5450285490967166079911976e-01 
                  -2.6273009627689353218116253e-01                    3.0392516077934206286670360e-01                    9.1575236453726138741160412e-01 
                  -1.8759247408507995213966524e-01                    5.7735026918962584208117050e-01                    7.9465447229176622290225396e-01 
                  -8.9142745752893826072238426e-02                    2.7435316106228063715022358e-01                    9.5748833616643558297454319e-01 
                  -1.0258105330343326999642528e-01                    7.9681323383313285013684890e-01                    5.9545427859034105733115894e-01 
                  -1.4372335572781818474608073e-02                    5.4811654959157640742972717e-01                    8.3627847277925815294707945e-01 
                   7.1130376959409546966384141e-02                    7.6762311228560620168792639e-01                    6.3694209074182872587499560e-01 
                  -4.6735466493469562943019469e-01                    4.5259361218398813653251977e-01                    7.5943310394927343587312407e-01 
                  -3.8536525225522955118151458e-01                    7.0493107781024944014092171e-01                    5.9545427859034105733115894e-01 
                  -3.1054736066012444961614847e-01                    4.5188345040842353705912160e-01                    8.3627847277925815294707945e-01 
                  -2.2868659704975358160083942e-01                    7.0382497491265738620569437e-01                    6.7255694555851619487185644e-01 
                  -6.1532522838468872716788383e-01                    5.6026908464625646555390404e-01                    5.5450285490967177182142223e-01 
                  -5.0874322849678699220987710e-01                    5.7921075654729858861458069e-01                    6.3694209074182872587499560e-01 
                   1.2606022739665928567021069e-01                    9.1588116293699450842780152e-02                    9.8778562250241030984199142e-01 
                   2.0786193994191934364401675e-01                    3.4378920978994759183322572e-01                    9.1575236453726138741160412e-01 
                   2.8602157023591329165768116e-01                    5.8433981721747718651727155e-01                    7.5943310394927343587312407e-01 
                   3.4270161119302855468049529e-01                    7.5834173667465110124652483e-01                    5.5450285490967166079911976e-01 
                   3.9119584012848901410919211e-01                    9.1451744163686440880489670e-02                    9.1575236453726149843390658e-01 
                   4.9112347318842314303211083e-01                    3.5682208977309004538369663e-01                    7.9465447229176611187995150e-01 
                   2.3337873823156649044641142e-01                    1.6955957845746366663419735e-01                    9.5748833616643558297454319e-01 
                   5.5134488310194917914941470e-01                    5.8433981721747718651727155e-01                    5.9545427859034094630885647e-01 
                   3.3380228811460466165073058e-01                    4.3498775662706429256942897e-01                    8.3627847277925804192477699e-01 
                   3.9365186094386978021830714e-01                    6.6282952968078912014959769e-01                    6.3694209074182872587499560e-01 
                   6.4412571685610531257992761e-01                    9.1451744163686440880489670e-02                    7.5943310394927354689542653e-01 
                   7.2611512953557177940666634e-01                    3.4378920978994759183322572e-01                    5.9545427859034094630885647e-01 
                   5.1684852023743521609588925e-01                    1.8304623212283058220073428e-01                    8.3627847277925815294707945e-01 
                   5.9870928384780608411119829e-01                    4.3498775662706434808058020e-01                    6.7255694555851630589415890e-01 
                   8.2712647210133183328650830e-01                    9.1588116293699464720567960e-02                    5.5450285490967177182142223e-01 
                   7.5203345829474588235541432e-01                    1.6955957845746363887862174e-01                    6.3694209074182883689729806e-01 
                  -1.5581901032135217488594492e-01                    8.5187456100663302035173522e-18                    9.8778562250241030984199142e-01 
                  -3.7023806930857178221216941e-01                    1.5595313039203770322238540e-01                    9.1575236453726138741160412e-01 
                  -5.7486263796637393497235280e-01                    3.0462158179668391566607966e-01                    7.5943310394927354689542653e-01 
                  -7.2299351647005771770437832e-01                    4.1207639951747276896298899e-01                    5.5450285490967166079911976e-01 
                  -3.7023806930857172670101818e-01                   -1.5595313039203767546680979e-01                    9.1575236453726149843390658e-01 
                  -6.0706199820668627076258872e-01                   -4.5418647308942668425660955e-18                    7.9465447229176622290225396e-01 
                  -2.8847198495734516221489230e-01                   -3.4981557842192817161332964e-17                    9.5748833616643558297454319e-01 
                  -7.8951370707885804023362653e-01                    1.4866845140464610142139179e-01                    5.9545427859034094630885647e-01 
                  -5.2573111211913359230862852e-01                    1.5570842532108095102039158e-01                    8.3627847277925815294707945e-01 
                  -7.0807246770123832835253097e-01                    3.0485759548501800697550834e-01                    6.3694209074182883689729806e-01 
                  -5.7486263796637393497235280e-01                   -3.0462158179668391566607966e-01                    7.5943310394927354689542653e-01 
                  -7.8951370707885815125592899e-01                   -1.4866845140464618468811864e-01                    5.9545427859034094630885647e-01 
                  -5.2573111211913370333093098e-01                   -1.5570842532108092326481597e-01                    8.3627847277925804192477699e-01 
                  -7.4004537359610522706532265e-01                    2.8605515146108839867782732e-17                    6.7255694555851619487185644e-01 
                  -7.2299351647005782872668078e-01                   -4.1207639951747271345183776e-01                    5.5450285490967166079911976e-01 
                  -7.0807246770123832835253097e-01                   -3.0485759548501800697550834e-01                    6.3694209074182861485269314e-01 
                  -4.8150722235983114960511386e-02                   -1.4819268512878380761321750e-01                    9.8778562250241030984199142e-01 
                  -2.6273009627689347667001130e-01                   -3.0392516077934206286670360e-01                    9.1575236453726138741160412e-01 
                  -4.6735466493469562943019469e-01                   -4.5259361218398824755482224e-01                    7.5943310394927354689542653e-01 
                  -6.1532522838468883819018629e-01                   -5.6026908464625657657620650e-01                    5.5450285490967166079911976e-01 
                   3.3910385515056852556714517e-02                   -4.0030949601356557998599328e-01                    9.1575236453726138741160412e-01 
                  -1.8759247408507992438408962e-01                   -5.7735026918962562003656558e-01                    7.9465447229176622290225396e-01 
                  -8.9142745752893812194450618e-02                   -2.7435316106228063715022358e-01                    9.5748833616643558297454319e-01 
                  -3.8536525225522960669266581e-01                   -7.0493107781024944014092171e-01                    5.9545427859034094630885647e-01 
                  -3.1054736066012456063845093e-01                   -4.5188345040842359257027283e-01                    8.3627847277925815294707945e-01 
                  -5.0874322849678699220987710e-01                   -5.7921075654729858861458069e-01                    6.3694209074182872587499560e-01 
                   1.1207001580905096016493872e-01                   -6.4086010344109500813658542e-01                    7.5943310394927354689542653e-01 
                  -1.0258105330343338101872774e-01                   -7.9681323383313273911454644e-01                    5.9545427859034105733115894e-01 
                  -1.4372335572781783780138554e-02                   -5.4811654959157629640742471e-01                    8.3627847277925815294707945e-01 
                  -2.2868659704975349833411258e-01                   -7.0382497491265749722799683e-01                    6.7255694555851608384955398e-01 
                   1.6849066156038622343871225e-01                   -8.1494630550973545801696218e-01                    5.5450285490967166079911976e-01 
                   7.1130376959409574721959757e-02                   -7.6762311228560609066562392e-01                    6.3694209074182883689729806e-01 
                   1.2606022739665925791463508e-01                   -9.1588116293699450842780152e-02                    9.8778562250241030984199142e-01 
                   2.0786193994191934364401675e-01                   -3.4378920978994753632207448e-01                    9.1575236453726138741160412e-01 
                   2.8602157023591340267998362e-01                   -5.8433981721747707549496909e-01                    7.5943310394927343587312407e-01 
                   3.4270161119302861019164652e-01                   -7.5834173667465099022422237e-01                    5.5450285490967166079911976e-01 
                   3.9119584012848901410919211e-01                   -9.1451744163686413124914054e-02                    9.1575236453726138741160412e-01 
                   4.9112347318842314303211083e-01                   -3.5682208977308993436139417e-01                    7.9465447229176622290225396e-01 
                   2.3337873823156649044641142e-01                   -1.6955957845746363887862174e-01                    9.5748833616643558297454319e-01 
                   5.5134488310194929017171717e-01                   -5.8433981721747707549496909e-01                    5.9545427859034094630885647e-01 
                   3.3380228811460477267303304e-01                   -4.3498775662706429256942897e-01                    8.3627847277925815294707945e-01 
                   3.9365186094386989124060960e-01                   -6.6282952968078912014959769e-01                    6.3694209074182872587499560e-01 
                   6.4412571685610542360223008e-01                   -9.1451744163686371491550631e-02                    7.5943310394927354689542653e-01 
                   7.2611512953557177940666634e-01                   -3.4378920978994748081092325e-01                    5.9545427859034083528655401e-01 
                   5.1684852023743521609588925e-01                   -1.8304623212283052668958305e-01                    8.3627847277925815294707945e-01 
                   5.9870928384780619513350075e-01                   -4.3498775662706423705827774e-01                    6.7255694555851619487185644e-01 
                   8.2712647210133194430881076e-01                   -9.1588116293699423087204536e-02                    5.5450285490967166079911976e-01 
                   7.5203345829474588235541432e-01                   -1.6955957845746369438977297e-01                    6.3694209074182872587499560e-01 
                  -8.2712647210133183328650830e-01                   -9.1588116293699464720567960e-02                   -5.5450285490967177182142223e-01 
                  -7.2611512953557177940666634e-01                   -3.4378920978994764734437695e-01                   -5.9545427859034094630885647e-01 
                  -5.5134488310194917914941470e-01                   -5.8433981721747718651727155e-01                   -5.9545427859034094630885647e-01 
                  -3.4270161119302855468049529e-01                   -7.5834173667465110124652483e-01                   -5.5450285490967177182142223e-01 
                  -6.4412571685610542360223008e-01                   -9.1451744163686427002701862e-02                   -7.5943310394927354689542653e-01 
                  -4.9112347318842303200980837e-01                   -3.5682208977308998987254540e-01                   -7.9465447229176611187995150e-01 
                  -7.5203345829474588235541432e-01                   -1.6955957845746363887862174e-01                   -6.3694209074182883689729806e-01 
                  -2.8602157023591329165768116e-01                   -5.8433981721747718651727155e-01                   -7.5943310394927343587312407e-01 
                  -5.9870928384780619513350075e-01                   -4.3498775662706429256942897e-01                   -6.7255694555851619487185644e-01 
                  -3.9365186094386978021830714e-01                   -6.6282952968078912014959769e-01                   -6.3694209074182872587499560e-01 
                  -3.9119584012848906962034334e-01                   -9.1451744163686385369338439e-02                   -9.1575236453726138741160412e-01 
                  -2.0786193994191928813286552e-01                   -3.4378920978994764734437695e-01                   -9.1575236453726138741160412e-01 
                  -5.1684852023743532711819171e-01                   -1.8304623212283060995630990e-01                   -8.3627847277925815294707945e-01 
                  -3.3380228811460466165073058e-01                   -4.3498775662706429256942897e-01                   -8.3627847277925804192477699e-01 
                  -1.2606022739665925791463508e-01                   -9.1588116293699450842780152e-02                   -9.8778562250241030984199142e-01 
                  -2.3337873823156646269083581e-01                   -1.6955957845746369438977297e-01                   -9.5748833616643558297454319e-01 
                  -9.0503597726200801787399541e-01                   -1.4819268512878386312436874e-01                   -3.9868384458831945815759923e-01 
                  -8.0390862963361542359308487e-01                   -4.0030949601356563549714451e-01                   -4.3986727839425354691371695e-01 
                  -6.2913838319999293435813570e-01                   -6.4086010344109511915888788e-01                   -4.3986727839425354691371695e-01 
                  -4.2061111635370468375683117e-01                   -8.1494630550973534699465972e-01                   -3.9868384458831945815759923e-01 
                  -9.3657028606663339509452726e-01                   -3.0392516077934211837785483e-01                   -1.7454396552821757615525655e-01 
                  -7.9465447229176611187995150e-01                   -5.7735026918962595310347297e-01                   -1.8759247408507992438408962e-01 
                  -8.9626945077341835244055801e-01                   -2.7435316106228063715022358e-01                   -3.4847010578448361917125453e-01 
                  -5.7846613944644120763882711e-01                   -7.9681323383313285013684890e-01                   -1.7454396552821749288852970e-01 
                  -7.5441770916888706288716548e-01                   -5.4811654959157640742972717e-01                   -3.6114009491635445936452697e-01 
                  -5.3788785342254230581460206e-01                   -7.6762311228560620168792639e-01                   -3.4847010578448373019355699e-01 
                  -8.8826497799681924938397515e-01                   -4.5259361218398813653251977e-01                    7.8385911199398847215569219e-02 
                  -7.0493107781024944014092171e-01                   -7.0493107781024944014092171e-01                    7.8385911199398958237871682e-02 
                  -8.8687120703548794065085303e-01                   -4.5188345040842364808142406e-01                   -9.6233099183152745470515299e-02 
                  -7.0382497491265738620569437e-01                   -7.0382497491265738620569437e-01                   -9.6233099183152870370605569e-02 
                  -7.7114423870604109634285805e-01                   -5.6026908464625635453160157e-01                    3.0238240011635325599215207e-01 
                  -7.9721521345413215442476940e-01                   -5.7921075654729858861458069e-01                    1.7018461427869585600447522e-01 
                  -9.5318669949799106344556776e-01                   -2.9632449526089823443683341e-17                   -3.0238240011635314496984961e-01 
                  -9.8464931323104276650326483e-01                    1.5595313039203781424468787e-01                   -7.8385911199398916604508258e-02 
                  -9.3634400516122850977041026e-01                    3.0462158179668380464377719e-01                    1.7454396552821754839968094e-01 
                  -8.1929496094202414191443040e-01                    4.1207639951747265794068653e-01                    3.9868384458831951366875046e-01 
                  -9.8464931323104276650326483e-01                   -1.5595313039203767546680979e-01                   -7.8385911199398861093357027e-02 
                  -9.8224694637684606401961673e-01                   -2.3650574484036450932697985e-17                    1.8759247408507984111736278e-01 
                  -9.8541219652631217851279644e-01                    9.8567994641121791033212562e-18                   -1.7018461427869591151562645e-01 
                  -8.8567176140767678305110167e-01                    1.4866845140464621244369425e-01                    4.3986727839425354691371695e-01 
                  -9.8310430621864075551030737e-01                    1.5570842532108100653154281e-01                    9.6233099183152842615029954e-02 
                  -8.8635795920702598049700782e-01                    3.0485759548501795146435711e-01                    3.4847010578448367468240576e-01 
                  -9.3634400516122850977041026e-01                   -3.0462158179668391566607966e-01                    1.7454396552821743737737847e-01 
                  -8.8567176140767678305110167e-01                   -1.4866845140464610142139179e-01                    4.3986727839425343589141448e-01 
                  -9.8310430621864075551030737e-01                   -1.5570842532108089550924035e-01                    9.6233099183152773226090915e-02 
                  -9.3251157196241085678423133e-01                   -3.2962676697527653144797106e-17                    3.6114009491635440385337574e-01 
                  -8.1929496094202414191443040e-01                   -4.1207639951747276896298899e-01                    3.9868384458831945815759923e-01 
                  -8.8635795920702598049700782e-01                   -3.0485759548501800697550834e-01                    3.4847010578448350814895207e-01 
                  -9.0503597726200801787399541e-01                    1.4819268512878364107976381e-01                   -3.9868384458831945815759923e-01 
                  -9.3657028606663339509452726e-01                    3.0392516077934211837785483e-01                   -1.7454396552821754839968094e-01 
                  -8.8826497799681913836167269e-01                    4.5259361218398824755482224e-01                    7.8385911199398833337781412e-02 
                  -7.7114423870604098532055559e-01                    5.6026908464625646555390404e-01                    3.0238240011635314496984961e-01 
                  -8.0390862963361542359308487e-01                    4.0030949601356546896369082e-01                   -4.3986727839425349140256571e-01 
                  -7.9465447229176622290225396e-01                    5.7735026918962573105886804e-01                   -1.8759247408507997989524085e-01 
                  -8.9626945077341846346286047e-01                    2.7435316106228052612792112e-01                   -3.4847010578448350814895207e-01 
                  -7.0493107781024944014092171e-01                    7.0493107781024944014092171e-01                    7.8385911199398958237871682e-02 
                  -8.8687120703548782962855057e-01                    4.5188345040842364808142406e-01                   -9.6233099183152884248393377e-02 
                  -7.9721521345413215442476940e-01                    5.7921075654729858861458069e-01                    1.7018461427869585600447522e-01 
                  -6.2913838319999304538043816e-01                    6.4086010344109500813658542e-01                   -4.3986727839425360242486818e-01 
                  -5.7846613944644131866112957e-01                    7.9681323383313273911454644e-01                   -1.7454396552821752064410532e-01 
                  -7.5441770916888717390946795e-01                    5.4811654959157629640742471e-01                   -3.6114009491635434834222451e-01 
                  -7.0382497491265727518339190e-01                    7.0382497491265738620569437e-01                   -9.6233099183152898126181185e-02 
                  -4.2061111635370473926798240e-01                    8.1494630550973534699465972e-01                   -3.9868384458831956917990169e-01 
                  -5.3788785342254252785920698e-01                    7.6762311228560609066562392e-01                   -3.4847010578448361917125453e-01 
                  -8.2712647210133183328650830e-01                    9.1588116293699436964992344e-02                   -5.5450285490967177182142223e-01 
                  -6.4412571685610542360223008e-01                    9.1451744163686357613762823e-02                   -7.5943310394927354689542653e-01 
                  -3.9119584012848918064264581e-01                    9.1451744163686343735975015e-02                   -9.1575236453726138741160412e-01 
                  -1.2606022739665925791463508e-01                    9.1588116293699450842780152e-02                   -9.8778562250241030984199142e-01 
                  -7.2611512953557177940666634e-01                    3.4378920978994748081092325e-01                   -5.9545427859034094630885647e-01 
                  -4.9112347318842303200980837e-01                    3.5682208977308987885024294e-01                   -7.9465447229176622290225396e-01 
                  -7.5203345829474588235541432e-01                    1.6955957845746369438977297e-01                   -6.3694209074182872587499560e-01 
                  -2.0786193994191931588844113e-01                    3.4378920978994764734437695e-01                   -9.1575236453726138741160412e-01 
                  -5.1684852023743521609588925e-01                    1.8304623212283052668958305e-01                   -8.3627847277925815294707945e-01 
                  -2.3337873823156646269083581e-01                    1.6955957845746363887862174e-01                   -9.5748833616643558297454319e-01 
                  -5.5134488310194929017171717e-01                    5.8433981721747696447266662e-01                   -5.9545427859034094630885647e-01 
                  -2.8602157023591340267998362e-01                    5.8433981721747707549496909e-01                   -7.5943310394927343587312407e-01 
                  -5.9870928384780630615580321e-01                    4.3498775662706423705827774e-01                   -6.7255694555851608384955398e-01 
                  -3.3380228811460466165073058e-01                    4.3498775662706429256942897e-01                   -8.3627847277925804192477699e-01 
                  -3.4270161119302861019164652e-01                    7.5834173667465110124652483e-01                   -5.5450285490967166079911976e-01 
                  -3.9365186094386983572945837e-01                    6.6282952968078912014959769e-01                   -6.3694209074182872587499560e-01 
                  -1.6849066156038614017198540e-01                   -8.1494630550973534699465972e-01                   -5.5450285490967166079911976e-01 
                   1.0258105330343329775200090e-01                   -7.9681323383313285013684890e-01                   -5.9545427859034105733115894e-01 
                   3.8536525225522955118151458e-01                   -7.0493107781024944014092171e-01                   -5.9545427859034094630885647e-01 
                   6.1532522838468872716788383e-01                   -5.6026908464625646555390404e-01                   -5.5450285490967177182142223e-01 
                  -1.1207001580905090465378748e-01                   -6.4086010344109511915888788e-01                   -7.5943310394927343587312407e-01 
                   1.8759247408507989662851401e-01                   -5.7735026918962584208117050e-01                   -7.9465447229176622290225396e-01 
                  -7.1130376959409533088596334e-02                   -7.6762311228560609066562392e-01                   -6.3694209074182872587499560e-01 
                   4.6735466493469568494134592e-01                   -4.5259361218398824755482224e-01                   -7.5943310394927343587312407e-01 
                   2.2868659704975360935641504e-01                   -7.0382497491265738620569437e-01                   -6.7255694555851619487185644e-01 
                   5.0874322849678699220987710e-01                   -5.7921075654729858861458069e-01                   -6.3694209074182872587499560e-01 
                  -3.3910385515056977456804788e-02                   -4.0030949601356563549714451e-01                   -9.1575236453726138741160412e-01 
                   2.6273009627689353218116253e-01                   -3.0392516077934211837785483e-01                   -9.1575236453726138741160412e-01 
                   1.4372335572781790719032458e-02                   -5.4811654959157640742972717e-01                   -8.3627847277925815294707945e-01 
                   3.1054736066012444961614847e-01                   -4.5188345040842359257027283e-01                   -8.3627847277925815294707945e-01 
                   4.8150722235983198227238233e-02                   -1.4819268512878377985764189e-01                   -9.8778562250241030984199142e-01 
                   8.9142745752893881583389657e-02                   -2.7435316106228052612792112e-01                   -9.5748833616643558297454319e-01 
                  -1.3873187863569327871182679e-01                   -9.0653442180343490885974234e-01                   -3.9868384458831945815759923e-01 
                   1.3229552623706777869649898e-01                   -8.8826497799681913836167269e-01                   -4.3986727839425343589141448e-01 
                   4.1507972518886393498149801e-01                   -7.9638282197393583938804795e-01                   -4.3986727839425343589141448e-01 
                   6.4508401130938175516149613e-01                   -6.5185720093995591639668419e-01                   -3.9868384458831951366875046e-01 
                  -3.6613019595027764376340973e-04                   -9.8464931323104276650326483e-01                   -1.7454396552821754839968094e-01 
                   3.0353099910334302435899190e-01                   -9.3417235896271566542026221e-01                   -1.8759247408507986887293839e-01 
                  -1.6037130233630961934077064e-02                   -9.3718269074306981281097251e-01                   -3.4847010578448361917125453e-01 
                   5.7905855054779642454576560e-01                   -7.9638282197393583938804795e-01                   -1.7454396552821760391083217e-01 
                   2.8816192318768169000620105e-01                   -8.8687120703548794065085303e-01                   -3.6114009491635434834222451e-01 
                   5.6383647522256563622278236e-01                   -7.4877033500476231075992928e-01                   -3.4847010578448361917125453e-01 
                   1.5595313039203770322238540e-01                   -9.8464931323104276650326483e-01                    7.8385911199398819459993604e-02 
                   4.5259361218398824755482224e-01                   -8.8826497799681924938397515e-01                    7.8385911199398958237871682e-02 
                   1.5570842532108095102039158e-01                   -9.8310430621864075551030737e-01                   -9.6233099183152759348303107e-02 
                   4.5188345040842364808142406e-01                   -8.8687120703548794065085303e-01                   -9.6233099183152759348303107e-02 
                   2.9455088895704539808662048e-01                   -9.0653442180343490885974234e-01                    3.0238240011635320048100084e-01 
                   3.0450911519097600965721995e-01                   -9.3718269074306981281097251e-01                    1.7018461427869588376005083e-01 
                  -2.9455088895704545359777171e-01                   -9.0653442180343490885974234e-01                   -3.0238240011635320048100084e-01 
                  -4.5259361218398824755482224e-01                   -8.8826497799681924938397515e-01                   -7.8385911199398888848932643e-02 
                  -5.7905855054779642454576560e-01                   -7.9638282197393572836574549e-01                    1.7454396552821760391083217e-01 
                  -6.4508401130938175516149613e-01                   -6.5185720093995591639668419e-01                    3.9868384458831951366875046e-01 
                  -1.5595313039203781424468787e-01                   -9.8464931323104276650326483e-01                   -7.8385911199398861093357027e-02 
                  -3.0353099910334313538129436e-01                   -9.3417235896271566542026221e-01                    1.8759247408507986887293839e-01 
                  -3.0450911519097600965721995e-01                   -9.3718269074306981281097251e-01                   -1.7018461427869582824889960e-01 
                  -4.1507972518886393498149801e-01                   -7.9638282197393583938804795e-01                    4.3986727839425343589141448e-01 
                  -4.5188345040842359257027283e-01                   -8.8687120703548782962855057e-01                    9.6233099183152828737242146e-02 
                  -5.6383647522256574724508482e-01                   -7.4877033500476219973762682e-01                    3.4847010578448350814895207e-01 
                   3.6613019595016320622410388e-04                   -9.8464931323104276650326483e-01                    1.7454396552821752064410532e-01 
                  -1.3229552623706783420765021e-01                   -8.8826497799681913836167269e-01                    4.3986727839425360242486818e-01 
                  -1.5570842532108100653154281e-01                   -9.8310430621864075551030737e-01                    9.6233099183152925881756801e-02 
                  -2.8816192318768169000620105e-01                   -8.8687120703548782962855057e-01                    3.6114009491635445936452697e-01 
                   1.3873187863569330646740241e-01                   -9.0653442180343490885974234e-01                    3.9868384458831956917990169e-01 
                   1.6037130233630871728456313e-02                   -9.3718269074306981281097251e-01                    3.4847010578448361917125453e-01 
                   1.3873187863569319544509995e-01                    9.0653442180343490885974234e-01                    3.9868384458831940264644800e-01 
                  -1.3229552623706777869649898e-01                    8.8826497799681913836167269e-01                    4.3986727839425343589141448e-01 
                  -4.1507972518886393498149801e-01                    7.9638282197393583938804795e-01                    4.3986727839425343589141448e-01 
                  -6.4508401130938175516149613e-01                    6.5185720093995591639668419e-01                    3.9868384458831951366875046e-01 
                   3.6613019595027764376340973e-04                    9.8464931323104276650326483e-01                    1.7454396552821754839968094e-01 
                  -3.0353099910334302435899190e-01                    9.3417235896271566542026221e-01                    1.8759247408507986887293839e-01 
                   1.6037130233630961934077064e-02                    9.3718269074306981281097251e-01                    3.4847010578448361917125453e-01 
                  -5.7905855054779642454576560e-01                    7.9638282197393583938804795e-01                    1.7454396552821760391083217e-01 
                  -2.8816192318768169000620105e-01                    8.8687120703548794065085303e-01                    3.6114009491635434834222451e-01 
                  -5.6383647522256563622278236e-01                    7.4877033500476231075992928e-01                    3.4847010578448361917125453e-01 
                  -1.5595313039203770322238540e-01                    9.8464931323104276650326483e-01                   -7.8385911199398916604508258e-02 
                  -4.5259361218398824755482224e-01                    8.8826497799681924938397515e-01                   -7.8385911199398958237871682e-02 
                  -1.5570842532108095102039158e-01                    9.8310430621864075551030737e-01                    9.6233099183152759348303107e-02 
                  -4.5188345040842364808142406e-01                    8.8687120703548794065085303e-01                    9.6233099183152759348303107e-02 
                  -2.9455088895704545359777171e-01                    9.0653442180343490885974234e-01                   -3.0238240011635325599215207e-01 
                  -3.0450911519097606516837118e-01                    9.3718269074306981281097251e-01                   -1.7018461427869588376005083e-01 
                   2.9455088895704539808662048e-01                    9.0653442180343490885974234e-01                    3.0238240011635325599215207e-01 
                   4.5259361218398824755482224e-01                    8.8826497799681924938397515e-01                    7.8385911199398888848932643e-02 
                   5.7905855054779642454576560e-01                    7.9638282197393572836574549e-01                   -1.7454396552821760391083217e-01 
                   6.4508401130938175516149613e-01                    6.5185720093995591639668419e-01                   -3.9868384458831956917990169e-01 
                   1.5595313039203781424468787e-01                    9.8464931323104276650326483e-01                    7.8385911199398861093357027e-02 
                   3.0353099910334313538129436e-01                    9.3417235896271566542026221e-01                   -1.8759247408507986887293839e-01 
                   3.0450911519097600965721995e-01                    9.3718269074306981281097251e-01                    1.7018461427869582824889960e-01 
                   4.1507972518886393498149801e-01                    7.9638282197393583938804795e-01                   -4.3986727839425343589141448e-01 
                   4.5188345040842359257027283e-01                    8.8687120703548782962855057e-01                   -9.6233099183152828737242146e-02 
                   5.6383647522256574724508482e-01                    7.4877033500476219973762682e-01                   -3.4847010578448350814895207e-01 
                  -3.6613019595023031833858074e-04                    9.8464931323104265548096237e-01                   -1.7454396552821757615525655e-01 
                   1.3229552623706783420765021e-01                    8.8826497799681913836167269e-01                   -4.3986727839425360242486818e-01 
                   1.5570842532108100653154281e-01                    9.8310430621864075551030737e-01                   -9.6233099183152925881756801e-02 
                   2.8816192318768169000620105e-01                    8.8687120703548782962855057e-01                   -3.6114009491635445936452697e-01 
                  -1.3873187863569319544509995e-01                    9.0653442180343490885974234e-01                   -3.9868384458831956917990169e-01 
                  -1.6037130233630875197903265e-02                    9.3718269074306981281097251e-01                   -3.4847010578448361917125453e-01 
                   4.2061111635370468375683117e-01                    8.1494630550973534699465972e-01                    3.9868384458831951366875046e-01 
                   5.7846613944644120763882711e-01                    7.9681323383313285013684890e-01                    1.7454396552821752064410532e-01 
                   7.0493107781024944014092171e-01                    7.0493107781024944014092171e-01                   -7.8385911199398930482296066e-02 
                   7.7114423870604109634285805e-01                    5.6026908464625635453160157e-01                   -3.0238240011635320048100084e-01 
                   6.2913838319999293435813570e-01                    6.4086010344109511915888788e-01                    4.3986727839425360242486818e-01 
                   7.9465447229176611187995150e-01                    5.7735026918962595310347297e-01                    1.8759247408507989662851401e-01 
                   5.3788785342254230581460206e-01                    7.6762311228560620168792639e-01                    3.4847010578448373019355699e-01 
                   8.8826497799681924938397515e-01                    4.5259361218398824755482224e-01                   -7.8385911199398930482296066e-02 
                   7.0382497491265738620569437e-01                    7.0382497491265738620569437e-01                    9.6233099183152856492817762e-02 
                   7.9721521345413215442476940e-01                    5.7921075654729858861458069e-01                   -1.7018461427869591151562645e-01 
                   8.0390862963361542359308487e-01                    4.0030949601356563549714451e-01                    4.3986727839425349140256571e-01 
                   9.3657028606663339509452726e-01                    3.0392516077934206286670360e-01                    1.7454396552821746513295409e-01 
                   7.5441770916888706288716548e-01                    5.4811654959157640742972717e-01                    3.6114009491635445936452697e-01 
                   8.8687120703548794065085303e-01                    4.5188345040842359257027283e-01                    9.6233099183152731592727491e-02 
                   9.0503597726200801787399541e-01                    1.4819268512878380761321750e-01                    3.9868384458831951366875046e-01 
                   8.9626945077341835244055801e-01                    2.7435316106228074817252605e-01                    3.4847010578448361917125453e-01 
                   7.2299351647005771770437832e-01                   -4.1207639951747276896298899e-01                   -5.5450285490967166079911976e-01 
                   5.7486263796637393497235280e-01                   -3.0462158179668391566607966e-01                   -7.5943310394927354689542653e-01 
                   3.7023806930857178221216941e-01                   -1.5595313039203767546680979e-01                   -9.1575236453726138741160412e-01 
                   1.5581901032135220264152053e-01                    0.0000000000000000000000000e+00                   -9.8778562250241030984199142e-01 
                   7.8951370707885804023362653e-01                   -1.4866845140464612917696741e-01                   -5.9545427859034094630885647e-01 
                   6.0706199820668627076258872e-01                   -5.6514455388248745589540095e-17                   -7.9465447229176611187995150e-01 
                   7.0807246770123832835253097e-01                   -3.0485759548501795146435711e-01                   -6.3694209074182872587499560e-01 
                   3.7023806930857172670101818e-01                    1.5595313039203764771123417e-01                   -9.1575236453726149843390658e-01 
                   5.2573111211913359230862852e-01                   -1.5570842532108097877596720e-01                   -8.3627847277925815294707945e-01 
                   2.8847198495734516221489230e-01                    0.0000000000000000000000000e+00                   -9.5748833616643558297454319e-01 
                   7.8951370707885815125592899e-01                    1.4866845140464615693254302e-01                   -5.9545427859034083528655401e-01 
                   5.7486263796637393497235280e-01                    3.0462158179668374913262596e-01                   -7.5943310394927354689542653e-01 
                   7.4004537359610522706532265e-01                   -1.4116292360871888352457472e-16                   -6.7255694555851619487185644e-01 
                   5.2573111211913370333093098e-01                    1.5570842532108089550924035e-01                   -8.3627847277925815294707945e-01 
                   7.2299351647005782872668078e-01                    4.1207639951747265794068653e-01                   -5.5450285490967177182142223e-01 
                   7.0807246770123832835253097e-01                    3.0485759548501800697550834e-01                   -6.3694209074182861485269314e-01 
                   8.1929496094202414191443040e-01                   -4.1207639951747271345183776e-01                   -3.9868384458831956917990169e-01 
                   8.8567176140767678305110167e-01                   -1.4866845140464624019926987e-01                   -4.3986727839425354691371695e-01 
                   8.8567176140767678305110167e-01                    1.4866845140464612917696741e-01                   -4.3986727839425343589141448e-01 
                   8.1929496094202414191443040e-01                    4.1207639951747271345183776e-01                   -3.9868384458831951366875046e-01 
                   9.3634400516122850977041026e-01                   -3.0462158179668386015492842e-01                   -1.7454396552821757615525655e-01 
                   9.8224694637684606401961673e-01                    2.8257227694124372794770048e-17                   -1.8759247408507986887293839e-01 
                   8.8635795920702598049700782e-01                   -3.0485759548501789595320588e-01                   -3.4847010578448367468240576e-01 
                   9.3634400516122850977041026e-01                    3.0462158179668386015492842e-01                   -1.7454396552821757615525655e-01 
                   9.3251157196241085678423133e-01                    2.8232584721743775472319779e-17                   -3.6114009491635434834222451e-01 
                   8.8635795920702598049700782e-01                    3.0485759548501784044205465e-01                   -3.4847010578448361917125453e-01 
                   9.8464931323104265548096237e-01                   -1.5595313039203781424468787e-01                    7.8385911199398902726720451e-02 
                   9.8464931323104276650326483e-01                    1.5595313039203764771123417e-01                    7.8385911199398916604508258e-02 
                   9.8310430621864075551030737e-01                   -1.5570842532108106204269404e-01                   -9.6233099183152787103878723e-02 
                   9.8310430621864075551030737e-01                    1.5570842532108081224251350e-01                   -9.6233099183152814859454338e-02 
                   9.5318669949799106344556776e-01                    2.8098784780157278436455622e-17                    3.0238240011635314496984961e-01 
                   9.8541219652631217851279644e-01                    5.6332924868335107696664310e-17                    1.7018461427869593927120206e-01 
                   7.7114423870604098532055559e-01                   -5.6026908464625646555390404e-01                   -3.0238240011635320048100084e-01 
                   7.0493107781024944014092171e-01                   -7.0493107781024944014092171e-01                   -7.8385911199398958237871682e-02 
                   5.7846613944644131866112957e-01                   -7.9681323383313273911454644e-01                    1.7454396552821754839968094e-01 
                   4.2061111635370479477913364e-01                   -8.1494630550973523597235726e-01                    3.9868384458831945815759923e-01 
                   8.8826497799681913836167269e-01                   -4.5259361218398830306597347e-01                   -7.8385911199398930482296066e-02 
                   7.9465447229176622290225396e-01                   -5.7735026918962573105886804e-01                    1.8759247408507997989524085e-01 
                   7.9721521345413215442476940e-01                   -5.7921075654729858861458069e-01                   -1.7018461427869582824889960e-01 
                   6.2913838319999304538043816e-01                   -6.4086010344109500813658542e-01                    4.3986727839425354691371695e-01 
                   7.0382497491265727518339190e-01                   -7.0382497491265749722799683e-01                    9.6233099183152884248393377e-02 
                   5.3788785342254241683690452e-01                   -7.6762311228560620168792639e-01                    3.4847010578448356366010330e-01 
                   9.3657028606663339509452726e-01                   -3.0392516077934211837785483e-01                    1.7454396552821752064410532e-01 
                   8.0390862963361542359308487e-01                   -4.0030949601356557998599328e-01                    4.3986727839425365793601941e-01 
                   8.8687120703548782962855057e-01                   -4.5188345040842364808142406e-01                    9.6233099183152856492817762e-02 
                   7.5441770916888717390946795e-01                   -5.4811654959157640742972717e-01                    3.6114009491635445936452697e-01 
                   9.0503597726200801787399541e-01                   -1.4819268512878364107976381e-01                    3.9868384458831945815759923e-01 
                   8.9626945077341846346286047e-01                   -2.7435316106228058163907235e-01                    3.4847010578448350814895207e-01 
                   4.8150722235983114960511386e-02                    1.4819268512878380761321750e-01                   -9.8778562250241030984199142e-01 
                   2.6273009627689347667001130e-01                    3.0392516077934206286670360e-01                   -9.1575236453726138741160412e-01 
                   4.6735466493469557391904345e-01                    4.5259361218398824755482224e-01                   -7.5943310394927343587312407e-01 
                   6.1532522838468883819018629e-01                    5.6026908464625646555390404e-01                   -5.5450285490967166079911976e-01 
                  -3.3910385515056873373396229e-02                    4.0030949601356563549714451e-01                   -9.1575236453726138741160412e-01 
                   1.8759247408507992438408962e-01                    5.7735026918962562003656558e-01                   -7.9465447229176622290225396e-01 
                   8.9142745752893812194450618e-02                    2.7435316106228063715022358e-01                   -9.5748833616643558297454319e-01 
                   3.8536525225522960669266581e-01                    7.0493107781024944014092171e-01                   -5.9545427859034094630885647e-01 
                   3.1054736066012456063845093e-01                    4.5188345040842364808142406e-01                   -8.3627847277925815294707945e-01 
                   5.0874322849678699220987710e-01                    5.7921075654729858861458069e-01                   -6.3694209074182872587499560e-01 
                  -1.1207001580905096016493872e-01                    6.4086010344109511915888788e-01                   -7.5943310394927343587312407e-01 
                   1.0258105330343338101872774e-01                    7.9681323383313273911454644e-01                   -5.9545427859034105733115894e-01 
                   1.4372335572781811535714169e-02                    5.4811654959157629640742471e-01                   -8.3627847277925815294707945e-01 
                   2.2868659704975349833411258e-01                    7.0382497491265749722799683e-01                   -6.7255694555851608384955398e-01 
                  -1.6849066156038616792756102e-01                    8.1494630550973545801696218e-01                   -5.5450285490967166079911976e-01 
                  -7.1130376959409574721959757e-02                    7.6762311228560609066562392e-01                   -6.3694209074182883689729806e-01 
