# n_max = 20
9.999950652018582e-01 3.499504108654924e+01
9.999802608561371e-01 3.493794315610722e+01
9.999555871089498e-01 3.484291732915892e+01
9.999210442038161e-01 3.471016930175952e+01
9.998766324816606e-01 3.453998627034652e+01
9.998223523808090e-01 3.433273615651289e+01
9.997582044369840e-01 3.408886661430984e+01
9.996841892832999e-01 3.380890382306163e+01
9.996003076502565e-01 3.349345106934280e+01
9.995065603657316e-01 3.314318712238151e+01
9.994029483549729e-01 3.275886440779049e+01
9.992894726405892e-01 3.234130698512065e+01
9.991661343425401e-01 3.189140833532018e+01
9.990329346781247e-01 3.141012896475412e+01
9.988898749619700e-01 3.089849383297994e+01
9.987369566060175e-01 3.035758961199923e+01
9.985741811195098e-01 2.978856178520599e+01
9.984015501089750e-01 2.919261159471222e+01
9.982190652782118e-01 2.857099284619604e+01
9.980267284282716e-01 2.792500858080415e+01
9.978245414574415e-01 2.725600762405185e+01
9.976125063612252e-01 2.656538102199254e+01
9.973906252323237e-01 2.585455837526403e+01
9.971589002606139e-01 2.512500408189242e+01
9.969173337331280e-01 2.437821349999397e+01
9.966659280340299e-01 2.361570904172218e+01
9.964046856445924e-01 2.283903620999159e+01
9.961336091431725e-01 2.204975958965067e+01
9.958527012051857e-01 2.124945880487823e+01
9.955619646030800e-01 2.043972445465241e+01
9.952614022063083e-01 1.962215403816082e+01
9.949510169813002e-01 1.879834788202729e+01
9.946308119914323e-01 1.796990508117320e+01
9.943007903969989e-01 1.713841946506028e+01
9.939609554551797e-01 1.630547560093412e+01
9.936113105200084e-01 1.547264484554281e+01
9.932518590423394e-01 1.464148145660742e+01
9.928826045698137e-01 1.381351877509869e+01
9.925035507468237e-01 1.299026548911459e+01
9.921147013144779e-01 1.217320198986475e+01
9.917160601105629e-01 1.136377682993223e+01
9.913076310695066e-01 1.056340329364225e+01
9.908894182223387e-01 9.773456088968375e+00
9.904614256966512e-01 8.995268170001713e+00
9.900236577165575e-01 8.230127698562137e+00
9.895761186026509e-01 7.479275153068826e+00
9.891188127719618e-01 6.743900592291932e+00
9.886517447379141e-01 6.025141081098688e+00
9.881749191102805e-01 5.324078284772000e+00
9.876883405951378e-01 4.641736237929359e+00
9.871920139948192e-01 3.979079293499214e+00
9.866859442078680e-01 3.337010256630894e+00
9.861701362289889e-01 2.716368707816556e+00
9.856445951489980e-01 2.117929518896435e+00
9.851093261547739e-01 1.542401565004036e+00
9.845643345292053e-01 9.904266348819810e-01
9.840096256511397e-01 4.625785413746502e-01
9.834452049953297e-01 -4.063756672860785e-02
9.828710781323792e-01 -5.187856909564392e-01
9.822872507286887e-01 -9.714992676099845e-01
9.816937285463989e-01 -1.398481251123722e+00
9.810905174433341e-01 -1.799503997662782e+00
9.804776233729444e-01 -2.174408950904726e+00
9.798550523842469e-01 -2.523106132555289e+00
9.792228106217657e-01 -2.845573440738359e+00
9.785809043254721e-01 -3.141855759981849e+00
9.779293398307218e-01 -3.412063887082196e+00
9.772681235681935e-01 -3.656373277678145e+00
9.765972620638246e-01 -3.875022618891033e+00
9.759167619387474e-01 -4.068312233897315e+00
9.752266299092234e-01 -4.236602324783890e+00
9.745268727865771e-01 -4.380311060498142e+00
9.738174974771289e-01 -4.499912517143459e+00
9.730985109821265e-01 -4.595934478280150e+00
9.723699203976766e-01 -4.668956103276638e+00
9.716317329146740e-01 -4.719605472110175e+00
9.708839558187310e-01 -4.748557015342262e+00
9.701265964901058e-01 -4.756528838288743e+00
9.693596624036293e-01 -4.744279948669118e+00
9.685831611286311e-01 -4.712607397250502e+00
9.677971003288655e-01 -4.662343341201977e+00
9.670014877624350e-01 -4.594352040040556e+00
9.661963312817148e-01 -4.509526794183697e+00
9.653816388332739e-01 -4.408786836221628e+00
9.645574184577981e-01 -4.293074185089404e+00
9.637236782900097e-01 -4.163350473348526e+00
9.628804265585876e-01 -4.020593757788260e+00
9.620276715860859e-01 -3.865795323518724e+00
9.611654217888519e-01 -3.699956491661058e+00
9.602936856769431e-01 -3.524085440637579e+00
9.594124718540429e-01 -3.339194050931264e+00
9.585217890173758e-01 -3.146294783018880e+00
9.576216459576222e-01 -2.946397597986223e+00
9.567120515588304e-01 -2.740506930107290e+00
9.557930147983301e-01 -2.529618720415651e+00
9.548645447466430e-01 -2.314717520011738e+00
9.539266505673936e-01 -2.096773671541908e+00
9.529793415172189e-01 -1.876740576948308e+00
9.520226269456766e-01 -1.655552059230754e+00
9.510565162951535e-01 -1.434119825577673e+00
9.500810191007717e-01 -1.213331038821453e+00
9.490961449902946e-01 -9.940460037474508e-01
9.481019036840320e-01 -7.770959743465033e-01
9.470983049947443e-01 -5.632810876393780e-01
9.460853588275453e-01 -3.533684292300564e-01
9.450630751798048e-01 -1.480902352559514e-01
9.440314641410498e-01 5.185776509477147e-02
9.429905358928644e-01 2.458178628370955e-01
9.419403007087906e-01 4.331717350692006e-01
9.408807689542255e-01 6.133416608568240e-01
9.398119510863197e-01 7.857915850256140e-01
9.387338576538741e-01 9.500280282964269e-01
9.376464992972356e-01 1.105600842727246e+00
9.365498867481923e-01 1.252103811955097e+00
9.354440308298674e-01 1.389175096256824e+00
9.343289424566120e-01 1.516497522969814e+00
9.332046326338986e-01 1.633798723326868e+00
9.320711124582109e-01 1.740851117267791e+00
9.309283931169358e-01 1.837471748285170e+00
9.297764858882513e-01 1.923521970848058e+00
9.286154021410173e-01 1.998906993418373e+00
9.274451533346613e-01 2.063575280532547e+00
9.262657510190666e-01 2.117517817861503e+00
9.250772068344580e-01 2.160767244586192e+00
9.238795325112867e-01 2.193396857829896e+00
9.226727398701148e-01 2.215519494273541e+00
9.214568408214985e-01 2.227286294443139e+00
9.202318473658704e-01 2.228885355499556e+00
9.189977715934213e-01 2.220540278677852e+00
9.177546256839811e-01 2.202508617816954e+00
9.165024219068979e-01 2.175080235687983e+00
9.152411726209175e-01 2.138575575071814e+00
9.139708902740612e-01 2.093343851751865e+00
9.126915874035028e-01 2.039761176776710e+00
9.114032766354453e-01 1.978228615508054e+00
9.101059706849957e-01 1.909170191102685e+00
9.087996823560401e-01 1.833030840182333e+00
9.074844245411169e-01 1.750274328522038e+00
9.061602102212898e-01 1.661381134636660e+00
9.048270524660196e-01 1.566846309165136e+00
9.034849644330348e-01 1.467177317945311e+00
9.021339593682028e-01 1.362891876636458e+00
9.007740506053981e-01 1.254515784684152e+00
8.994052515663711e-01 1.142580766332842e+00
8.980275757606156e-01 1.027622326275454e+00
8.966410367852359e-01 9.101776273879344e-01
8.952456483248117e-01 7.907833978298648e-01
8.938414241512638e-01 6.699738746018438e-01
8.924283781237179e-01 5.482787904360149e-01
8.910065241883679e-01 4.262214106598977e-01
8.895758763783380e-01 3.043166264159829e-01
8.881364488135445e-01 1.830691103416976e-01
8.866882557005565e-01 6.297154051760789e-02
8.852313113324553e-01 -5.549710182315437e-02
8.837656300886935e-01 -1.718731556619039e-01
8.822912264349533e-01 -2.857098198223149e-01
8.808081149230036e-01 -3.965786044031880e-01
8.793163101905562e-01 -5.040706899328649e-01
8.778158269611217e-01 -6.077981905449548e-01
8.763066800438636e-01 -7.073953178680498e-01
8.747888843334528e-01 -8.025194427223529e-01
8.732624548099202e-01 -8.928520521236281e-01
8.717274065385089e-01 -9.780995995060259e-01
8.701837546695257e-01 -1.057994246491273e+00
8.686315144381912e-01 -1.132294494948030e+00
8.670707011644900e-01 -1.200785708502756e+00
8.655013302530190e-01 -1.263280523079279e+00
8.639234171928353e-01 -1.319619146457355e+00
8.623369775573040e-01 -1.369669547249434e+00
8.607420270039436e-01 -1.413327534098133e+00
8.591385812742725e-01 -1.450516726292718e+00
8.575266561936522e-01 -1.481188417390720e+00
8.559062676711330e-01 -1.505321333808268e+00
8.542774316992952e-01 -1.522921290709356e+00
8.526401643540922e-01 -1.534020747878279e+00
8.509944817946918e-01 -1.538678268600087e+00
8.493404002633166e-01 -1.536977884899641e+00
8.476779360850832e-01 -1.529028372799925e+00
8.460071056678422e-01 -1.514962441553469e+00
8.443279255020151e-01 -1.494935841076258e+00
8.426404121604322e-01 -1.469126392070454e+00
8.409445822981690e-01 -1.437732943559930e+00
8.392404526523817e-01 -1.400974262779993e+00
8.375280400421418e-01 -1.359087862559756e+00
8.358073613682703e-01 -1.312328771511070e+00
8.340784336131711e-01 -1.260968252492055e+00
8.323412738406635e-01 -1.205292474945095e+00
8.305958991958127e-01 -1.145601146818735e+00
8.288423269047619e-01 -1.082206111870117e+00
8.270805742745618e-01 -1.015429918208686e+00
8.253106586929996e-01 -9.456043639838373e-01
8.235325976284275e-01 -8.730690261380980e-01
8.217464086295903e-01 -7.981697781438744e-01
8.199521093254523e-01 -7.212573026162961e-01
8.181497174250234e-01 -6.426856046465935e-01
8.163392507171839e-01 -5.628105316313530e-01
8.145207270705094e-01 -4.819883052824008e-01
8.126941644330939e-01 -4.005740713908779e-01
8.108595808323734e-01 -3.189204727880273e-01
8.090169943749475e-01 -2.373762507946516e-01
8.071664232464003e-01 -1.562848802822177e-01
8.053078857111219e-01 -7.598324328173689e-02
8.034414001121276e-01 3.199654127290841e-03
8.015669848708766e-01 8.094391713527560e-02
7.996846584870906e-01 1.569399454503489e-01
7.977944395385710e-01 2.308895604465715e-01
7.958963466810158e-01 3.025070724450702e-01
7.939903986478354e-01 3.715202846341251e-01
7.920766142499670e-01 4.376714304183499e-01
7.901550123756903e-01 5.007180412806629e-01
7.882256119904399e-01 5.604337425427649e-01
7.862884321366189e-01 6.166089747185655e-01
7.843434919334100e-01 6.690516384699228e-01
7.823908105765881e-01 7.175876614931762e-01
7.804304073383297e-01 7.620614859877842e-01
7.784623015670233e-01 8.023364756826874e-01
7.764865126870786e-01 8.382952417216737e-01
7.745030601987338e-01 8.698398870337631e-01
7.725119636778645e-01 8.968921691378563e-01
7.705132427757891e-01 9.193935816511242e-01
7.685069172190766e-01 9.373053550866235e-01
7.664930068093498e-01 9.506083778364551e-01
7.644715314230915e-01 9.593030385408901e-01
7.624425110114478e-01 9.634089913406674e-01
7.604059656000309e-01 9.629648457975362e-01
7.583619152887219e-01 9.580277835464481e-01
7.563103802514719e-01 9.486731040103197e-01
7.542513807361038e-01 9.349937017642473e-01
7.521849370641115e-01 9.170994783793891e-01
7.501110696304596e-01 8.951166918068446e-01
7.480297989033825e-01 8.691872465776989e-01
7.459411454241821e-01 8.394679282964821e-01
7.438451298070251e-01 8.061295860908053e-01
7.417417727387392e-01 7.693562668494468e-01
7.396310949786097e-01 7.293443052340005e-01
7.375131173581738e-01 6.863013735849671e-01
7.353878607810158e-01 6.404454959615593e-01
7.332553462225601e-01 5.920040306551091e-01
7.311155947298641e-01 5.412126255985328e-01
7.289686274214116e-01 4.883141511588486e-01
7.268144654869028e-01 4.335576148458100e-01
7.246531301870467e-01 3.771970624978148e-01
7.224846428533498e-01 3.194904705157209e-01
7.203090248879068e-01 2.606986337069775e-01
7.181262977631888e-01 2.010840532758956e-01
7.159364830218312e-01 1.409098294519827e-01
7.137396022764213e-01 8.043856318676779e-02
7.115356772092853e-01 1.993127127118222e-02
7.093247295722739e-01 -4.035368086939417e-02
7.071067811865476e-01 -1.001616245561838e-01
7.048818539423614e-01 -1.592426073943741e-01
7.026499697988492e-01 -2.173523830881175e-01
7.004111507838063e-01 -2.742533678099802e-01
6.981654189934727e-01 -3.297155595702532e-01
6.959127965923143e-01 -3.835174172130781e-01
6.936533058128049e-01 -4.354466958594869e-01
6.913869689552063e-01 -4.853012358217423e-01
6.891138083873484e-01 -5.328897022275119e-01
6.868338465444083e-01 -5.780322728159443e-01
6.845471059286886e-01 -6.205612715992539e-01
6.822536091093964e-01 -6.603217463222079e-01
6.799533787224191e-01 -6.971719878970036e-01
6.776464374701023e-01 -7.309839902411189e-01
6.753328081210245e-01 -7.616438492001614e-01
6.730125135097733e-01 -7.890520994951020e-01
6.706855765367200e-01 -8.131239888929196e-01
6.683520201677930e-01 -8.337896890601533e-01
6.660118674342517e-01 -8.509944428194005e-01
6.636651414324585e-01 -8.646986477883010e-01
6.613118653236518e-01 -8.748778766379368e-01
6.589520623337169e-01 -8.815228344618776e-01
6.565857557529564e-01 -8.846392539973607e-01
6.542129689358610e-01 -8.842477296853100e-01
6.518337253008787e-01 -8.803834917951415e-01
6.494480483301837e-01 -8.730961220726287e-01
6.470559615694443e-01 -8.624492125937884e-01
6.446574886275913e-01 -8.485199697236949e-01
6.422526531765843e-01 -8.313987652858418e-01
6.398414789511784e-01 -8.111886372441174e-01
6.374239897486897e-01 -7.880047423852160e-01
6.350002094287607e-01 -7.619737636633654e-01
6.325701619131244e-01 -7.332332750314184e-01
6.301338711853690e-01 -7.019310667316641e-01
6.276913612907005e-01 -6.682244341559793e-01
6.252426563357052e-01 -6.322794335075315e-01
6.227877804881125e-01 -5.942701076048664e-01
6.203267579765560e-01 -5.543776852634525e-01
6.178596130903343e-01 -5.127897577694174e-01
6.153863701791715e-01 -4.696994360250900e-01
6.129070536529765e-01 -4.253044919957828e-01
6.104216879816025e-01 -3.798064881220996e-01
6.079302976946054e-01 -3.334098983817705e-01
6.054329073810014e-01 -2.863212246896455e-01
6.029295416890247e-01 -2.387481123142717e-01
6.004202253258840e-01 -1.908984679642428e-01
5.979049830575189e-01 -1.429795841578779e-01
5.953838397083550e-01 -9.519727343564488e-02
5.928568201610592e-01 -4.775501590674414e-02
5.903239493562945e-01 -8.531235393800518e-04
5.877852522924730e-01 4.531207549056782e-02
5.852407540255101e-01 9.054902918557617e-02
5.826904796685760e-01 1.346717277602413e-01
5.801344543918493e-01 1.775004403673050e-01
5.775727034222675e-01 2.188624197032612e-01
5.750052520432786e-01 2.585925718337220e-01
5.724321255945909e-01 2.965340887415350e-01
5.698533494719238e-01 3.325390412722845e-01
5.672689491267564e-01 3.664689303317420e-01
5.646789500660770e-01 3.981951943771470e-01
5.620833778521306e-01 4.275996714381899e-01
5.594822581021669e-01 4.545750141032759e-01
5.568756164881880e-01 4.790250561114239e-01
5.542634787366941e-01 5.008651293988963e-01
5.516458706284303e-01 5.200223306616798e-01
5.490228179981317e-01 5.364357367092690e-01
5.463943467342690e-01 5.500565681010012e-01
5.437604827787925e-01 5.608483007725333e-01
5.411212521268759e-01 5.687867255760981e-01
5.384766808266602e-01 5.738599558729969e-01
5.358267949789965e-01 5.760683835296256e-01
5.331716207371886e-01 5.754245838781694e-01
5.305111843067339e-01 5.719531704092973e-01
5.278455119450662e-01 5.656906001657628e-01
5.251746299612957e-01 5.566849310021124e-01
5.224985647159489e-01 5.449955320658509e-01
5.198173426207094e-01 5.306927490387650e-01
5.171309901381572e-01 5.138575258529101e-01
5.144395337815064e-01 4.945809847633438e-01
5.117430001143449e-01 4.729639668185191e-01
5.090414157503712e-01 4.491165349185315e-01
5.063348073531324e-01 4.231574417908831e-01
5.036232016357609e-01 3.952135653422915e-01
5.009066253607100e-01 3.654193139630731e-01
4.981851053394908e-01 3.339160044673390e-01
4.954586684324075e-01 3.008512154470866e-01
4.927273415482916e-01 2.663781189013007e-01
4.899911516442366e-01 2.306547930717831e-01
4.872501257253322e-01 1.938435194755918e-01
4.845042908443979e-01 1.561100671694994e-01
4.817536741017153e-01 1.176229673146075e-01
4.789983026447611e-01 7.855278112920944e-02
4.762382036679391e-01 3.907136432513009e-02
4.734734044123122e-01 -6.488688829356937e-04
4.707039321653325e-01 -4.043567912381046e-02
4.679298142605733e-01 -8.011772953151897e-02
4.651510780774583e-01 -1.195253047250206e-01
4.623677510409917e-01 -1.584910181638831e-01
4.595798606214878e-01 -1.968505050048061e-01
4.567874343342995e-01 -2.344430976622655e-01
4.539904997395468e-01 -2.711124813659918e-01
4.511890844418451e-01 -3.067073271079705e-01
4.483832160900322e-01 -3.410818994818781e-01
4.455729223768963e-01 -3.740966370375439e-01
4.427582310389015e-01 -4.056187029019341e-01
4.399391698559151e-01 -4.355225035554401e-01
4.371157666509328e-01 -4.636901737974745e-01
4.342880492898047e-01 -4.900120260878113e-01
4.314560456809590e-01 -5.143869626091306e-01
4.286197837751284e-01 -5.367228485610871e-01
4.257792915650727e-01 -5.569368453663333e-01
4.229345970853032e-01 -5.749557026433885e-01
4.200857284118062e-01 -5.907160079794755e-01
4.172327136617652e-01 -6.041643937175942e-01
4.143755809932840e-01 -6.152577001554576e-01
4.115143586051087e-01 -6.239630947386779e-01
4.086490747363491e-01 -6.302581470160171e-01
4.057797576662000e-01 -6.341308593098544e-01
4.029064357136627e-01 -6.355796532394408e-01
4.000291372372647e-01 -6.346133124173887e-01
3.971478906347806e-01 -6.312508818202560e-01
3.942627243429510e-01 -6.255215245115133e-01
3.913736668372023e-01 -6.174643365686945e-01
3.884807466313660e-01 -6.071281212356475e-01
3.855839922773966e-01 -5.945711234846651e-01
3.826834323650898e-01 -5.798607263313758e-01
3.797790955218011e-01 -5.630731103969165e-01
3.768710104121626e-01 -5.442928783565348e-01
3.739592057378004e-01 -5.236126460507851e-01
3.710437102370510e-01 -5.011326021644462e-01
3.681245526846779e-01 -4.769600384986029e-01
3.652017618915877e-01 -4.512088529726250e-01
3.622753667045457e-01 -4.239990275946139e-01
3.593453960058907e-01 -3.954560837308930e-01
3.564118787132508e-01 -3.657105170869889e-01
3.534748437792571e-01 -3.348972148839102e-01
3.505343201912590e-01 -3.031548577743426e-01
3.475903369710370e-01 -2.706253090931542e-01
3.446429231745170e-01 -2.374529940755091e-01
3.416921078914832e-01 -2.037842717035372e-01
3.387379202452913e-01 -1.697668018590753e-01
3.357803893925807e-01 -1.355489104652535e-01
3.328195445229867e-01 -1.012789552939102e-01
3.298554148588529e-01 -6.710469509889494e-02
3.268880296549425e-01 -3.317266470735591e-02
3.239174181981494e-01 3.724413374540658e-04
3.209436098072094e-01 3.338837403764905e-02
3.179666338324109e-01 6.573592162179070e-02
3.149865196553047e-01 9.727948523048752e-02
3.120032966884149e-01 1.278876362707166e-01
3.090169943749475e-01 1.574336531916555e-01
3.060276421885008e-01 1.857960355322488e-01
3.030352696327740e-01 2.128589931967467e-01
3.000399062412762e-01 2.385129090282866e-01
2.970415815770349e-01 2.626547728719896e-01
2.940403252323039e-01 2.851885854473670e-01
2.910361668282717e-01 3.060257304844268e-01
2.880291360147690e-01 3.250853137183824e-01
2.850192624699762e-01 3.422944674833939e-01
2.820065759001295e-01 3.575886197959801e-01
2.789911060392293e-01 3.709117269727065e-01
2.759728826487457e-01 3.822164689841042e-01
2.729519355173252e-01 3.914644069065595e-01
2.699282944604963e-01 3.986261019957156e-01
2.669019893203755e-01 4.036811960678677e-01
2.638730499653728e-01 4.066184530393597e-01
2.608415062898970e-01 4.074357616373638e-01
2.578073882140599e-01 4.061400994579771e-01
2.547707256833822e-01 4.027474587086354e-01
2.517315486684971e-01 3.972827341307797e-01
2.486898871648547e-01 3.897795737548221e-01
2.456457711924263e-01 3.802801932921643e-01
2.425992307954074e-01 3.688351551176660e-01
2.395502960419217e-01 3.555031129399376e-01
2.364989970237248e-01 3.403505233956369e-01
2.334453638559055e-01 3.234513259369084e-01
2.303894266765906e-01 3.048865925078245e-01
2.273312156466464e-01 2.847441486255353e-01
2.242707609493812e-01 2.631181675944885e-01
2.212080927902471e-01 2.401087396869547e-01
2.181432413965425e-01 2.158214182199120e-01
2.150762370171133e-01 1.903667445466498e-01
2.120071099220545e-01 1.638597540609710e-01
2.089358904024118e-01 1.364194653822797e-01
2.058626087698814e-01 1.081683549508958e-01
2.027872953565125e-01 7.923181931443762e-02
1.997099805144070e-01 4.973762742782090e-02
1.966306946154200e-01 1.981536532134998e-02
1.935494680508602e-01 -1.040412448679723e-02
1.904663312311898e-01 -4.078930644543999e-02
1.873813145857245e-01 -7.120851590256128e-02
1.842944485623334e-01 -1.015305211328326e-01
1.812057636271374e-01 -1.316250810966104e-01
1.781152902642101e-01 -1.613634965943739e-01
1.750230589752760e-01 -1.906191525181161e-01
1.719291002794095e-01 -2.192680489481056e-01
1.688334447127338e-01 -2.471893188996646e-01
1.657361228281196e-01 -2.742657305897087e-01
1.626371651948835e-01 -3.003841721665879e-01
1.595366023984862e-01 -3.254361169288368e-01
1.564344650402309e-01 -3.493180671484382e-01
1.533307837369607e-01 -3.719319747117599e-01
1.502255891207571e-01 -3.931856368958924e-01
1.471189118386373e-01 -4.129930657094142e-01
1.440107825522521e-01 -4.312748293439438e-01
1.409012319375826e-01 -4.479583644058504e-01
1.377902906846380e-01 -4.629782577255983e-01
1.346779894971525e-01 -4.762764966748122e-01
1.315643590922826e-01 -4.878026870577588e-01
1.284494302003029e-01 -4.975142377839207e-01
1.253332335643043e-01 -5.053765116710920e-01
1.222157999398894e-01 -5.113629418734116e-01
1.190971600948697e-01 -5.154551135752348e-01
1.159773448089613e-01 -5.176428107392510e-01
1.128563848734816e-01 -5.179240278450632e-01
1.097343110910451e-01 -5.163049467019675e-01
1.066111542752600e-01 -5.127998785663295e-01
1.034869452504226e-01 -5.074311719390786e-01
1.003617148512149e-01 -5.002290865618790e-01
9.723549392239933e-02 -4.912316342708793e-01
9.410831331851428e-02 -4.804843875040165e-01
9.098020390356985e-02 -4.680402563910994e-01
8.785119655074310e-02 -4.539592354847760e-01
8.472132214207334e-02 -4.383081213144696e-01
8.159061156815742e-02 -4.211602020639683e-01
7.845909572784500e-02 -4.025949207860777e-01
7.532680552793275e-02 -3.826975136741422e-01
7.219377188286061e-02 -3.615586250099335e-01
6.906002571440578e-02 -3.392739004998946e-01
6.592559795137781e-02 -3.159435607968041e-01
6.279051952931330e-02 -2.916719570811145e-01
5.965482139017060e-02 -2.665671106453057e-01
5.651853448202440e-02 -2.407402384853164e-01
5.338168975876054e-02 -2.143052669551895e-01
5.024431817976960e-02 -1.873783355843883e-01
4.710645070964268e-02 -1.600772931915842e-01
4.396811831786489e-02 -1.325211884539870e-01
4.082935197850996e-02 -1.048297571074537e-01
3.769018266993447e-02 -7.712290795957433e-02
3.455064137447218e-02 -4.952020989571276e-02
3.141075907812817e-02 -2.214038204664509e-02
2.827056677027311e-02 4.899210733984138e-03
2.513009544333753e-02 3.148305496352144e-02
2.198937609250513e-02 5.749797611478802e-02
1.884843971540818e-02 8.283361465722333e-02
1.570731731182065e-02 1.073828885759504e-01
1.256603988335255e-02 1.310424404532543e-01
9.424638433143926e-03 1.537130672681310e-01
6.283143965558844e-03 1.753001311482101e-01
3.141587485879429e-03 1.957139493941902e-01
6.123233995736766e-17 2.148701621895229e-01
-3.141587485879529e-03 2.326900765071091e-01
-6.283143965558943e-03 2.491009848296713e-01
-9.424638433144025e-03 2.640364574109657e-01
-1.256603988335265e-02 2.774366069204004e-01
-1.570731731182075e-02 2.892483244336171e-01
-1.884843971540828e-02 2.994254858555793e-01
-2.198937609250523e-02 3.079291279901303e-01
-2.513009544333741e-02 3.147275936003874e-01
-2.827056677027321e-02 3.197966449370619e-01
-3.141075907812828e-02 3.231195453463787e-01
-3.455064137447228e-02 3.246871087050742e-01
-3.769018266993458e-02 3.244977165664273e-01
-4.082935197851006e-02 3.225573030378684e-01
-4.396811831786499e-02 3.188793075468235e-01
-4.710645070964278e-02 3.134845957865246e-01
-5.024431817976970e-02 3.064013492669852e-01
-5.338168975876042e-02 2.976649240276670e-01
-5.651853448202450e-02 2.873176791969642e-01
-5.965482139017070e-02 2.754087762090403e-01
-6.279051952931340e-02 2.619939496101711e-01
-6.592559795137791e-02 2.471352505041569e-01
-6.906002571440588e-02 2.309007637990276e-01
-7.219377188286071e-02 2.133643005247520e-01
-7.532680552793285e-02 1.946050665935248e-01
-7.845909572784487e-02 1.747073094700251e-01
-8.159061156815751e-02 1.537599443084575e-01
-8.472132214207344e-02 1.318561611958290e-01
-8.785119655074319e-02 1.090930152164086e-01
-9.098020390356995e-02 8.557100112047378e-02
-9.410831331851438e-02 6.139361444088540e-02
-9.723549392239943e-02 3.666690095357197e-02
-1.003617148512150e-01 1.149899642246388e-02
-1.034869452504225e-01 -1.400034139443418e-02
-1.066111542752599e-01 -3.972020647336089e-02
-1.097343110910452e-01 -6.554902196376033e-02
-1.128563848734817e-01 -9.137501930345976e-02
-1.159773448089614e-01 -1.170867169734843e-01
-1.190971600948698e-01 -1.425733968623778e-01
-1.222157999398895e-01 -1.677255762248842e-01
-1.253332335643044e-01 -1.924354732432346e-01
-1.284494302003030e-01 -2.165974642310428e-01
-1.315643590922825e-01 -2.401085305597004e-01
-1.346779894971526e-01 -2.628686934350785e-01
-1.377902906846381e-01 -2.847814347079711e-01
-1.409012319375827e-01 -3.057541019649370e-01
-1.440107825522522e-01 -3.256982962165684e-01
-1.471189118386375e-01 -3.445302405775751e-01
-1.502255891207571e-01 -3.621711284169827e-01
-1.533307837369608e-01 -3.785474495468813e-01
-1.564344650402308e-01 -3.935912931141272e-01
-1.595366023984863e-01 -4.072406259607829e-01
-1.626371651948836e-01 -4.194395453254077e-01
-1.657361228281197e-01 -4.301385048682184e-01
-1.688334447127339e-01 -4.392945131180176e-01
-1.719291002794096e-01 -4.468713035572797e-01
-1.750230589752761e-01 -4.528394756832961e-01
-1.781152902642102e-01 -4.571766065073268e-01
-1.812057636271375e-01 -4.598673320797895e-01
-1.842944485623333e-01 -4.609033987570313e-01
-1.873813145857246e-01 -4.602836840537275e-01
-1.904663312311899e-01 -4.580141870538194e-01
-1.935494680508603e-01 -4.541079884816360e-01
-1.966306946154201e-01 -4.485851806629073e-01
-1.997099805144071e-01 -4.414727677321979e-01
-2.027872953565126e-01 -4.328045365683878e-01
-2.058626087698815e-01 -4.226208990626355e-01
-2.089358904024116e-01 -4.109687064433151e-01
-2.120071099220546e-01 -3.979010364991557e-01
-2.150762370171134e-01 -3.834769546548452e-01
-2.181432413965426e-01 -3.677612499620986e-01
-2.212080927902472e-01 -3.508241471733169e-01
-2.242707609493813e-01 -3.327409961639418e-01
-2.273312156466465e-01 -3.135919400630945e-01
-2.303894266765907e-01 -2.934615635396827e-01
-2.334453638559053e-01 -2.724385227724931e-01
-2.364989970237246e-01 -2.506151587075481e-01
-2.395502960419218e-01 -2.280870952739062e-01
-2.425992307954074e-01 -2.049528242897589e-01
-2.456457711924264e-01 -1.813132788440648e-01
-2.486898871648549e-01 -1.572713969846386e-01
-2.517315486684972e-01 -1.329316775815560e-01
-2.547707256833823e-01 -1.083997302647394e-01
-2.578073882140600e-01 -8.378182135653223e-02
-2.608415062898969e-01 -5.918441773389882e-02
-2.638730499653729e-01 -3.471373056052873e-02
-2.669019893203756e-01 -1.047526082664757e-02
-2.699282944604964e-01 1.342665137643623e-02
-2.729519355173253e-01 3.688927193870550e-02
-2.759728826487458e-01 5.981191028925048e-02
-2.789911060392293e-01 8.209634758268014e-02
-2.820065759001296e-01 1.036472537097177e-01
-2.850192624699761e-01 1.243725913774768e-01
-2.880291360147691e-01 1.441840055622131e-01
-2.910361668282718e-01 1.629971967016084e-01
-2.940403252323040e-01 1.807322760648291e-01
-2.970415815770350e-01 1.973141018161169e-01
-3.000399062412763e-01 2.126725943714373e-01
-3.030352696327741e-01 2.267430297372077e-01
-3.060276421885008e-01 2.394663096150474e-01
-3.090169943749476e-01 2.507892071563817e-01
-3.120032966884148e-01 2.606645873552165e-01
-3.149865196553048e-01 2.690516011759931e-01
-3.179666338324110e-01 2.759158526256765e-01
-3.209436098072095e-01 2.812295380946992e-01
-3.239174181981495e-01 2.849715574095041e-01
-3.268880296549426e-01 2.871275961597705e-01
-3.298554148588530e-01 2.876901789854592e-01
-3.328195445229868e-01 2.866586936319961e-01
-3.357803893925806e-01 2.840393857057980e-01
-3.387379202452914e-01 2.798453241863413e-01
-3.416921078914833e-01 2.740963378746090e-01
-3.446429231745171e-01 2.668189230804482e-01
-3.475903369710371e-01 2.580461229727173e-01
-3.505343201912591e-01 2.478173791354455e-01
-3.534748437792572e-01 2.361783559902250e-01
-3.564118787132508e-01 2.231807388591011e-01
-3.593453960058906e-01 2.088820065528914e-01
-3.622753667045456e-01 1.933451794766955e-01
-3.652017618915878e-01 1.766385443469236e-01
-3.681245526846780e-01 1.588353567119339e-01
-3.710437102370511e-01 1.400135225611432e-01
-3.739592057378005e-01 1.202552603946245e-01
-3.768710104121628e-01 9.964674520656147e-02
-3.797790955218012e-01 7.827773591106595e-02
-3.826834323650899e-01 5.624118780748515e-02
-3.855839922773965e-01 3.363285174415803e-02
-3.884807466313661e-01 1.055086169437783e-02
-3.913736668372024e-01 -1.290468749414381e-02
-3.942627243429510e-01 -3.663217037499322e-02
-3.971478906347807e-01 -6.052886737014745e-02
-4.000291372372649e-01 -8.449140556996504e-02
-4.029064357136627e-01 -1.084162019907611e-01
-4.057797576662001e-01 -1.321999074057073e-01
-4.086490747363490e-01 -1.557398488638109e-01
-4.115143586051088e-01 -1.789344690187052e-01
-4.143755809932841e-01 -2.016837604037778e-01
-4.172327136617655e-01 -2.238896928129501e-01
-4.200857284118063e-01 -2.454566319767568e-01
-4.229345970853031e-01 -2.662917477614895e-01
-4.257792915650727e-01 -2.863054101645709e-01
-4.286197837751283e-01 -3.054115714320648e-01
-4.314560456809591e-01 -3.235281326840042e-01
-4.342880492898046e-01 -3.405772934995814e-01
-4.371157666509331e-01 -3.564858829873561e-01
-4.399391698559151e-01 -3.711856709446321e-01
-4.427582310389018e-01 -3.846136577952315e-01
-4.455729223768963e-01 -3.967123420852059e-01
-4.483832160900321e-01 -4.074299644116692e-01
-4.511890844418451e-01 -4.167207267600251e-01
-4.539904997395467e-01 -4.245449863293941e-01
-4.567874343342996e-01 -4.308694230343358e-01
-4.595798606214878e-01 -4.356671799825463e-01
-4.623677510409920e-01 -4.389179763428511e-01
-4.651510780774584e-01 -4.406081921346874e-01
-4.679298142605732e-01 -4.407309245892136e-01
-4.707039321653326e-01 -4.392860158524503e-01
-4.734734044123121e-01 -4.362800519220997e-01
-4.762382036679392e-01 -4.317263328313110e-01
-4.789983026447610e-01 -4.256448142141930e-01
-4.817536741017154e-01 -4.180620205087922e-01
-4.845042908443979e-01 -4.090109301730581e-01
-4.872501257253326e-01 -3.985308334074907e-01
-4.899911516442366e-01 -3.866671629942601e-01
-4.927273415482915e-01 -3.734712989760031e-01
-4.954586684324076e-01 -3.590003480079669e-01
-4.981851053394907e-01 -3.433168983239752e-01
-5.009066253607101e-01 -3.264887513595544e-01
-5.036232016357608e-01 -3.085886311741101e-01
-5.063348073531327e-01 -2.896938729075334e-01
-5.090414157503713e-01 -2.698860915952083e-01
-5.117430001143451e-01 -2.492508327480516e-01
-5.144395337815065e-01 -2.278772061812906e-01
-5.171309901381571e-01 -2.058575046461800e-01
-5.198173426207096e-01 -1.832868088830941e-01
-5.224985647159488e-01 -1.602625807716475e-01
-5.251746299612958e-01 -1.368842463037147e-01
-5.278455119450663e-01 -1.132527701483118e-01
-5.305111843067343e-01 -8.947022361264795e-02
-5.331716207371886e-01 -6.563934783181630e-02
-5.358267949789964e-01 -4.186311403958248e-02
-5.384766808266602e-01 -1.824428278542661e-02
-5.411212521268758e-01 5.115036032611986e-03
-5.437604827787926e-01 2.811382045290911e-02
-5.463943467342690e-01 5.065256919774652e-02
-5.490228179981319e-01 7.263372804704055e-02
-5.516458706284302e-01 9.396210802850491e-02
-5.542634787366942e-01 1.145452936488883e-01
-5.568756164881881e-01 1.342940394324126e-01
-5.594822581021669e-01 1.531226530817667e-01
-5.620833778521307e-01 1.709493636329308e-01
-5.646789500660769e-01 1.876966730381493e-01
-5.672689491267566e-01 2.032916896809240e-01
-5.698533494719238e-01 2.176664424026514e-01
-5.724321255945910e-01 2.307581737025001e-01
-5.750052520432786e-01 2.425096108594517e-01
-5.775727034222679e-01 2.528692138183150e-01
-5.801344543918494e-01 2.617913987790664e-01
-5.826904796685759e-01 2.692367365310886e-01
-5.852407540255101e-01 2.751721246799938e-01
-5.877852522924730e-01 2.795709330245789e-01
-5.903239493562947e-01 2.824131214544021e-01
-5.928568201610592e-01 2.836853298541062e-01
-5.953838397083551e-01 2.833809396184891e-01
-5.979049830575189e-01 2.815001065018590e-01
-6.004202253258842e-01 2.780497646459861e-01
-6.029295416890248e-01 2.730436017524672e-01
-6.054329073810013e-01 2.665020054869285e-01
-6.079302976946055e-01 2.584519813239398e-01
-6.104216879816025e-01 2.489270421619951e-01
-6.129070536529766e-01 2.379670701571487e-01
-6.153863701791715e-01 2.256181513413494e-01
-6.178596130903345e-01 2.119323837065180e-01
-6.203267579765560e-01 1.969676595478123e-01
-6.227877804881123e-01 1.807874229684457e-01
-6.252426563357052e-01 1.634604035538424e-01
-6.276913612907004e-01 1.450603273239808e-01
-6.301338711853692e-01 1.256656061693484e-01
-6.325701619131244e-01 1.053590070675391e-01
-6.350002094287608e-01 8.422730246361920e-02
-6.374239897486897e-01 6.236090327794401e-02
-6.398414789511786e-01 3.985347607932457e-02
-6.422526531765844e-01 1.680154602956084e-02
-6.446574886275912e-01 -6.695912733527210e-03
-6.470559615694444e-01 -3.053789755295763e-02
-6.494480483301835e-01 -5.462180678064385e-02
-6.518337253008789e-01 -7.884387656822883e-02
-6.542129689358610e-01 -1.030996230798416e-01
-6.565857557529566e-01 -1.272842882616819e-01
-6.589520623337169e-01 -1.512932872862409e-01
-6.613118653236520e-01 -1.750226557804330e-01
-6.636651414324586e-01 -1.983694949456299e-01
-6.660118674342516e-01 -2.212324126848198e-01
-6.683520201677932e-01 -2.435119588667842e-01
-6.706855765367200e-01 -2.651110528799744e-01
-6.730125135097734e-01 -2.859354016592742e-01
-6.753328081210245e-01 -3.058939064068070e-01
-6.776464374701024e-01 -3.248990562736970e-01
-6.799533787224192e-01 -3.428673073224361e-01
-6.822536091093964e-01 -3.597194451495973e-01
-6.845471059286887e-01 -3.753809296153690e-01
-6.868338465444082e-01 -3.897822201998328e-01
-6.891138083873486e-01 -4.028590805855566e-01
-6.913869689552063e-01 -4.145528611516477e-01
-6.936533058128052e-01 -4.248107581556934e-01
-6.959127965923143e-01 -4.335860484763419e-01
-6.981654189934728e-01 -4.408382988906240e-01
-7.004111507838063e-01 -4.465335489656965e-01
-7.026499697988491e-01 -4.506444667543730e-01
-7.048818539423615e-01 -4.531504765969220e-01
-7.071067811865475e-01 -4.540378584478465e-01
-7.093247295722740e-01 -4.532998182651116e-01
-7.115356772092853e-01 -4.509365291201705e-01
-7.137396022764214e-01 -4.469551428095527e-01
-7.159364830218312e-01 -4.413697718723272e-01
-7.181262977631890e-01 -4.342014420417966e-01
-7.203090248879069e-01 -4.254780152839334e-01
-7.224846428533498e-01 -4.152340836986862e-01
-7.246531301870467e-01 -4.035108346829942e-01
-7.268144654869028e-01 -3.903558878754918e-01
-7.289686274214117e-01 -3.758231045220634e-01
-7.311155947298641e-01 -3.599723700181099e-01
-7.332553462225602e-01 -3.428693504970167e-01
-7.353878607810159e-01 -3.245852244446460e-01
-7.375131173581738e-01 -3.051963904258328e-01
-7.396310949786098e-01 -2.847841521109467e-01
-7.417417727387391e-01 -2.634343818876271e-01
-7.438451298070251e-01 -2.412371644346930e-01
-7.459411454241821e-01 -2.182864217217048e-01
-7.480297989033826e-01 -1.946795209777976e-01
-7.501110696304596e-01 -1.705168672476877e-01
-7.521849370641116e-01 -1.459014822200017e-01
-7.542513807361039e-01 -1.209385710737550e-01
-7.563103802514718e-01 -9.573507914202084e-02
-7.583619152887219e-01 -7.039924023790556e-02
-7.604059656000309e-01 -4.504011852625639e-02
-7.624425110114480e-01 -1.976714585498229e-02
-7.644715314230915e-01 5.310343517222871e-03
-7.664930068093500e-01 3.008357884560331e-02
-7.685069172190766e-01 5.444481751855312e-02
-7.705132427757894e-01 7.828780641518340e-02
-7.725119636778645e-01 1.015082380545846e-01
-7.745030601987337e-01 1.240041996081756e-01
-7.764865126870787e-01 1.456766128722459e-01
-7.784623015670233e-01 1.664296633316864e-01
-7.804304073383298e-01 1.861712164876448e-01
-7.823908105765881e-01 2.048132196709648e-01
-7.843434919334102e-01 2.222720876203378e-01
-7.862884321366189e-01 2.384690701679142e-01
-7.882256119904399e-01 2.533306004463769e-01
-7.901550123756904e-01 2.667886221091187e-01
-7.920766142499670e-01 2.787808941394634e-01
-7.939903986478354e-01 2.892512719151025e-01
-7.958963466810158e-01 2.981499632898831e-01
-7.977944395385711e-01 3.054337585564443e-01
-7.996846584870906e-01 3.110662332593710e-01
-8.015669848708767e-01 3.150179229393169e-01
-8.034414001121276e-01 3.172664690032290e-01
-8.053078857111219e-01 3.177967350342150e-01
-8.071664232464003e-01 3.166008929759607e-01
-8.090169943749473e-01 3.136784787506633e-01
-8.108595808323735e-01 3.090364169955461e-01
-8.126941644330939e-01 3.026890147307104e-01
-8.145207270705095e-01 2.946579238998432e-01
-8.163392507171839e-01 2.849720728545502e-01
-8.181497174250236e-01 2.736675669823437e-01
-8.199521093254524e-01 2.607875588071024e-01
-8.217464086295901e-01 2.463820880183620e-01
-8.235325976284275e-01 2.305078920120052e-01
-8.253106586929996e-01 2.132281876487573e-01
-8.270805742745619e-01 1.946124250582329e-01
-8.288423269047619e-01 1.747360144345268e-01
-8.305958991958128e-01 1.536800268837954e-01
-8.323412738406635e-01 1.315308704948413e-01
-8.340784336131714e-01 1.083799429094651e-01
-8.358073613682703e-01 8.432326177039590e-02
-8.375280400421417e-01 5.946107451986121e-02
-8.392404526523818e-01 3.389744911164615e-02
-8.409445822981690e-01 7.739847282755299e-03
-8.426404121604324e-01 -1.890131789239378e-02
-8.443279255020151e-01 -4.591313837224270e-02
-8.460071056678423e-01 -7.318067958739619e-02
-8.476779360850832e-01 -1.005874590379525e-01
-8.493404002633165e-01 -1.280159330906590e-01
-8.509944817946919e-01 -1.553479899778167e-01
-8.526401643540922e-01 -1.824654469685688e-01
-8.542774316992953e-01 -2.092505496599024e-01
-8.559062676711330e-01 -2.355864713197720e-01
-8.575266561936523e-01 -2.613578102084853e-01
-8.591385812742725e-01 -2.864510828063793e-01
-8.607420270039438e-01 -3.107552108865571e-01
-8.623369775573040e-01 -3.341620003904089e-01
-8.639234171928353e-01 -3.565666100911507e-01
-8.655013302530190e-01 -3.778680080664198e-01
-8.670707011644900e-01 -3.979694140449381e-01
-8.686315144381913e-01 -4.167787257443683e-01
-8.701837546695257e-01 -4.342089273772559e-01
-8.717274065385090e-01 -4.501784785695885e-01
-8.732624548099202e-01 -4.646116820112699e-01
-8.747888843334529e-01 -4.774390282398122e-01
-8.763066800438636e-01 -4.885975160472099e-01
-8.778158269611216e-01 -4.980309470951296e-01
-8.793163101905563e-01 -5.056901934246233e-01
-8.808081149230036e-01 -5.115334366534592e-01
-8.822912264349534e-01 -5.155263777661383e-01
-8.837656300886935e-01 -5.176424165184579e-01
-8.852313113324554e-01 -5.178627995996630e-01
-8.866882557005565e-01 -5.161767368201111e-01
-8.881364488135445e-01 -5.125814847207288e-01
-8.895758763783380e-01 -5.070823971316409e-01
-8.910065241883678e-01 -4.996929423407614e-01
-8.924283781237180e-01 -4.904346866683503e-01
-8.938414241512638e-01 -4.793372443799349e-01
-8.952456483248118e-01 -4.664381940070697e-01
-8.966410367852359e-01 -4.517829612826579e-01
-8.980275757606158e-01 -4.354246690342299e-01
-8.994052515663711e-01 -4.174239545144832e-01
-9.007740506053981e-01 -3.978487547824714e-01
-9.021339593682028e-01 -3.767740608811214e-01
-9.034849644330348e-01 -3.542816416861700e-01
-9.048270524660196e-01 -3.304597384280053e-01
-9.061602102212898e-01 -3.054027310106256e-01
-9.074844245411170e-01 -2.792107773703409e-01
-9.087996823560401e-01 -2.519894272308172e-01
-9.101059706849958e-01 -2.238492117195832e-01
-9.114032766354453e-01 -1.949052104144215e-01
-9.126915874035028e-01 -1.652765974849940e-01
-9.139708902740612e-01 -1.350861686858201e-01
-9.152411726209175e-01 -1.044598510405535e-01
-9.165024219068980e-01 -7.352619713414141e-02
-9.177546256839811e-01 -4.241586599879593e-02
-9.189977715934214e-01 -1.126109264094882e-02
-9.202318473658704e-01 1.980485169005580e-02
-9.214568408214984e-01 5.064820634591427e-02
-9.226727398701149e-01 8.113527305356133e-02
-9.238795325112867e-01 1.111329704093108e-01
-9.250772068344582e-01 1.405093888636491e-01
-9.262657510190666e-01 1.691343439567999e-01
-9.274451533346614e-01 1.968799255642629e-01
-9.286154021410173e-01 2.236210409187699e-01
-9.297764858882515e-01 2.492359491921892e-01
-9.309283931169358e-01 2.736067854460675e-01
-9.320711124582109e-01 2.966200717942190e-01
-9.332046326338986e-01 3.181672136637366e-01
-9.343289424566120e-01 3.381449790926205e-01
-9.354440308298674e-01 3.564559590623523e-01
-9.365498867481923e-01 3.730090069319364e-01
-9.376464992972358e-01 3.877196551163803e-01
-9.387338576538741e-01 4.005105072361748e-01
-9.398119510863198e-01 4.113116040558243e-01
-9.408807689542255e-01 4.200607616274270e-01
-9.419403007087905e-01 4.267038801602284e-01
-9.429905358928645e-01 4.311952222480031e-01
-9.440314641410497e-01 4.334976592029085e-01
-9.450630751798049e-01 4.335828843665657e-01
-9.460853588275453e-01 4.314315923960390e-01
-9.470983049947443e-01 4.270336236537491e-01
-9.481019036840320e-01 4.203880729655144e-01
-9.490961449902947e-01 4.115033621493642e-01
-9.500810191007718e-01 4.003972758591476e-01
-9.510565162951535e-01 3.870969604303342e-01
-9.520226269456766e-01 3.716388855607033e-01
-9.529793415172187e-01 3.540687688048214e-01
-9.539266505673936e-01 3.344414630079391e-01
-9.548645447466430e-01 3.128208069518167e-01
-9.557930147983302e-01 2.892794396308451e-01
-9.567120515588305e-01 2.638985787218969e-01
-9.576216459576222e-01 2.367677639541926e-01
-9.585217890173759e-01 2.079845662263173e-01
-9.594124718540428e-01 1.776542634551545e-01
-9.602936856769431e-01 1.458894842757732e-01
-9.611654217888519e-01 1.128098208416948e-01
-9.620276715860859e-01 7.854141210037091e-02
-9.628804265585876e-01 4.321649903973392e-02
-9.637236782900098e-01 6.972953516403410e-03
-9.645574184577981e-01 -3.004621761440035e-02
-9.653816388332739e-01 -6.769339124490611e-02
-9.661963312817148e-01 -1.058168677182137e-01
-9.670014877624350e-01 -1.442614294824670e-01
-9.677971003288655e-01 -1.828689166079129e-01
-9.685831611286311e-01 -2.214788170060055e-01
-9.693596624036294e-01 -2.599288691253726e-01
-9.701265964901058e-01 -2.980556748427943e-01
-9.708839558187311e-01 -3.356953202205308e-01
-9.716317329146740e-01 -3.726840017622602e-01
-9.723699203976766e-01 -4.088586557714110e-01
-9.730985109821266e-01 -4.440575883949434e-01
-9.738174974771289e-01 -4.781211039255001e-01
-9.745268727865772e-01 -5.108921289336608e-01
-9.752266299092234e-01 -5.422168298100056e-01
-9.759167619387474e-01 -5.719452213149474e-01
-9.765972620638246e-01 -5.999317637609045e-01
-9.772681235681935e-01 -6.260359464883745e-01
-9.779293398307218e-01 -6.501228553427165e-01
-9.785809043254721e-01 -6.720637219133372e-01
-9.792228106217659e-01 -6.917364523604764e-01
-9.798550523842469e-01 -7.090261337267798e-01
-9.804776233729444e-01 -7.238255157115160e-01
-9.810905174433341e-01 -7.360354659734707e-01
-9.816937285463989e-01 -7.455653971250527e-01
-9.822872507286887e-01 -7.523336636834549e-01
-9.828710781323792e-01 -7.562679273553097e-01
-9.834452049953297e-01 -7.573054891482329e-01
-9.840096256511397e-01 -7.553935869258428e-01
-9.845643345292054e-01 -7.504896571514732e-01
-9.851093261547739e-01 -7.425615596997539e-01
-9.856445951489980e-01 -7.315877647536509e-01
-9.861701362289889e-01 -7.175575009471635e-01
-9.866859442078681e-01 -7.004708640599180e-01
-9.871920139948192e-01 -6.803388857191296e-01
-9.876883405951377e-01 -6.571835617156070e-01
-9.881749191102805e-01 -6.310378396941609e-01
-9.886517447379140e-01 -6.019455661329418e-01
-9.891188127719618e-01 -5.699613926814948e-01
-9.895761186026509e-01 -5.351506420827068e-01
-9.900236577165576e-01 -4.975891340580232e-01
-9.904614256966512e-01 -4.573629716890943e-01
-9.908894182223387e-01 -4.145682889802903e-01
-9.913076310695066e-01 -3.693109604362551e-01
-9.917160601105628e-01 -3.217062736345440e-01
-9.921147013144779e-01 -2.718785659163117e-01
-9.925035507468237e-01 -2.199608264572117e-01
-9.928826045698137e-01 -1.660942651136908e-01
-9.932518590423394e-01 -1.104278495703235e-01
-9.936113105200084e-01 -5.311781243559296e-02
-9.939609554551797e-01 5.672869947998815e-03
-9.943007903969989e-01 6.577502510392930e-02
-9.946308119914323e-01 1.270138564522729e-01
-9.949510169813002e-01 1.892095376951551e-01
-9.952614022063083e-01 2.521778273933841e-01
-9.955619646030800e-01 3.157307014903584e-01
-9.958527012051857e-01 3.796770014673321e-01
-9.961336091431725e-01 4.438230957518117e-01
-9.964046856445924e-01 5.079735519466391e-01
-9.966659280340299e-01 5.719318174030451e-01
-9.969173337331280e-01 6.355009056251349e-01
-9.971589002606139e-01 6.984840859685452e-01
-9.973906252323237e-01 7.606855740793509e-01
-9.976125063612252e-01 8.219112205134596e-01
-9.978245414574415e-01 8.819691949801729e-01
-9.980267284282716e-01 9.406706636669435e-01
-9.982190652782118e-01 9.978304571255550e-01
-9.984015501089750e-01 1.053267726232320e+00
-9.985741811195098e-01 1.106806583777757e+00
-9.987369566060175e-01 1.158276729291767e+00
-9.988898749619700e-01 1.207514054772600e+00
-9.990329346781247e-01 1.254361229055704e+00
-9.991661343425401e-01 1.298668258638955e+00
-9.992894726405892e-01 1.340293022865873e+00
-9.994029483549729e-01 1.379101781464120e+00
-9.995065603657316e-01 1.414969652539228e+00
-9.996003076502565e-01 1.447781059232504e+00
-9.996841892832999e-01 1.477430143369717e+00
-9.997582044369840e-01 1.503821144549498e+00
-9.998223523808090e-01 1.526868743249938e+00
-9.998766324816606e-01 1.546498366666585e+00
-9.999210442038161e-01 1.562646456133667e+00
-9.999555871089498e-01 1.575260695125794e+00
-9.999802608561371e-01 1.584300196982991e+00
-9.999950652018582e-01 1.589735651655991e+00
