0.4290980645900636 0.349194109763481
0.4290980645900623 0.3491941097634808
0.4290980645900628 -0.3491941097634798
0.3656297684510749 -3.33066907387547e-16
0.3656297684510723 8.847089727481716e-17
0.4290980645900626 -0.349194109763481
0.6809708867168388 0.2153082382060541
0.6809708867168383 0.2153082382060558
0.8114321861749056 0.2928531102095833
0.8114321861749068 0.292853110209583
0.6809708867168381 -0.2153082382060533
0.6809708867168373 -0.2153082382060564
0.8114321861749058 -0.2928531102095836
0.8114321861749064 -0.292853110209583
0.9748990641177757 -0.1595993535838485
0.9748990641177748 -0.1595993535838481
0.9748990641177753 0.1595993535838483
0.974899064117775 0.1595993535838487
1.058448193220091 0
1.058448193220091 2.983724378680108e-16
0.7216878356734867 6.591853396464842e-09
0.72168783733078 1.674567789988757e-09
0.7216878356432864 -1.674567267063039e-09
0.7216878373005765 -6.591853193454926e-09
