6.364263720277481	0.2791290896675459
6.058599835017644	0.7948923954122527
5.493806620178761	1.189640539672952
4.7558687228568095	1.4032766958867906
3.95713049849536	1.4032766958867906
3.2191926011734076	1.189640539672952
2.6543993863345245	0.7948923954122527
2.348735501074688	0.2791290896675459
2.348735501074688	0.2791290896675459
2.6543993863345245	0.7948923954122527
3.2191926011734076	1.189640539672952
3.95713049849536	1.4032766958867906
4.7558687228568095	1.4032766958867906
5.493806620178761	1.189640539672952
6.058599835017644	0.7948923954122527
6.364263720277481	0.2791290896675459
6.364263720277481	0.5726369257205065
6.058599835017644	0.9390707749068912
5.493806620178761	1.2904435724328873
4.7558687228568095	1.489693084235457
3.95713049849536	1.489693084235457
3.2191926011734076	1.2904435724328873
2.654399386334524	0.9390707749068912
2.3487355010746875	0.5726369257205065
2.3487355010746875	0.5726369257205065
2.654399386334524	0.9390707749068912
3.2191926011734076	1.2904435724328873
3.95713049849536	1.489693084235457
4.7558687228568095	1.489693084235457
5.493806620178761	1.2904435724328873
6.058599835017644	0.9390707749068912
6.364263720277481	0.5726369257205065
6.364263720277481	0.5726369257205065
6.058599835017644	0.9390707749068912
5.493806620178761	1.2904435724328873
4.7558687228568095	1.489693084235457
3.95713049849536	1.489693084235457
3.2191926011734076	1.2904435724328873
2.654399386334524	0.9390707749068912
2.3487355010746875	0.5726369257205065
2.3487355010746875	0.5726369257205065
2.654399386334524	0.9390707749068912
3.2191926011734076	1.2904435724328873
3.95713049849536	1.489693084235457
4.7558687228568095	1.489693084235457
5.493806620178761	1.2904435724328873
6.058599835017644	0.9390707749068912
6.364263720277481	0.5726369257205065
6.364263720277481	0.2791290896675459
6.058599835017644	0.7948923954122527
5.493806620178761	1.189640539672952
4.7558687228568095	1.4032766958867906
3.95713049849536	1.4032766958867906
3.2191926011734076	1.189640539672952
2.6543993863345245	0.7948923954122527
2.348735501074688	0.2791290896675459
2.348735501074688	0.2791290896675459
2.6543993863345245	0.7948923954122527
3.2191926011734076	1.189640539672952
3.95713049849536	1.4032766958867906
4.7558687228568095	1.4032766958867906
5.493806620178761	1.189640539672952
6.058599835017644	0.7948923954122527
6.364263720277481	0.2791290896675459
6.364263720277481	0.5726369257205065
6.058599835017644	0.9390707749068912
5.493806620178761	1.2904435724328873
4.7558687228568095	1.489693084235457
3.95713049849536	1.489693084235457
3.2191926011734076	1.2904435724328873
2.654399386334524	0.9390707749068912
2.3487355010746875	0.5726369257205065
2.3487355010746875	0.5726369257205065
2.654399386334524	0.9390707749068912
3.2191926011734076	1.2904435724328873
3.95713049849536	1.489693084235457
4.7558687228568095	1.489693084235457
5.493806620178761	1.2904435724328873
6.058599835017644	0.9390707749068912
6.364263720277481	0.5726369257205065
6.364263720277481	0.5726369257205065
6.058599835017644	0.9390707749068912
5.493806620178761	1.2904435724328873
4.7558687228568095	1.489693084235457
3.95713049849536	1.489693084235457
3.2191926011734076	1.2904435724328873
2.654399386334524	0.9390707749068912
2.3487355010746875	0.5726369257205065
2.3487355010746875	0.5726369257205065
2.654399386334524	0.9390707749068912
3.2191926011734076	1.2904435724328873
3.95713049849536	1.489693084235457
4.7558687228568095	1.489693084235457
5.493806620178761	1.2904435724328873
6.058599835017644	0.9390707749068912
6.364263720277481	0.5726369257205065
6.364263720277481	0.2791290896675459
6.058599835017644	0.7948923954122527
5.493806620178761	1.189640539672952
4.7558687228568095	1.4032766958867906
3.95713049849536	1.4032766958867906
3.2191926011734076	1.189640539672952
2.6543993863345245	0.7948923954122527
2.348735501074688	0.2791290896675459
2.348735501074688	0.2791290896675459
2.6543993863345245	0.7948923954122527
3.2191926011734076	1.189640539672952
3.95713049849536	1.4032766958867906
4.7558687228568095	1.4032766958867906
5.493806620178761	1.189640539672952
6.058599835017644	0.7948923954122527
6.364263720277481	0.2791290896675459
6.364263720277481	0.5726369257205065
6.058599835017644	0.9390707749068912
5.493806620178761	1.2904435724328873
4.7558687228568095	1.489693084235457
3.95713049849536	1.489693084235457
3.2191926011734076	1.2904435724328873
2.654399386334524	0.9390707749068912
2.3487355010746875	0.5726369257205065
2.3487355010746875	0.5726369257205065
2.654399386334524	0.9390707749068912
3.2191926011734076	1.2904435724328873
3.95713049849536	1.489693084235457
4.7558687228568095	1.489693084235457
5.493806620178761	1.2904435724328873
6.058599835017644	0.9390707749068912
6.364263720277481	0.5726369257205065
6.652938854872294	0.2791290896675459
6.347274969612457	0.7948923954122527
5.782481754773573	1.189640539672952
5.044543857451622	1.4032766958867906
4.245805633090172	1.4032766958867906
3.5078677357682206	1.189640539672952
2.943074520929337	0.7948923954122527
2.6374106356695	0.2791290896675459
2.6374106356695	0.2791290896675459
2.943074520929337	0.7948923954122527
3.5078677357682206	1.189640539672952
4.245805633090172	1.4032766958867906
5.044543857451622	1.4032766958867906
5.782481754773573	1.189640539672952
6.347274969612457	0.7948923954122527
6.652938854872294	0.2791290896675459
6.364263720277481	0.5726369257205065
6.058599835017644	0.9390707749068912
5.493806620178761	1.2904435724328873
4.7558687228568095	1.489693084235457
3.95713049849536	1.489693084235457
3.2191926011734076	1.2904435724328873
2.654399386334524	0.9390707749068912
2.3487355010746875	0.5726369257205065
2.3487355010746875	0.5726369257205065
2.654399386334524	0.9390707749068912
3.2191926011734076	1.2904435724328873
3.95713049849536	1.489693084235457
4.7558687228568095	1.489693084235457
5.493806620178761	1.2904435724328873
6.058599835017644	0.9390707749068912
6.364263720277481	0.5726369257205065
5.786913451087855	0.9098972737065613
5.481249565828018	1.1755228284828114
4.916456350989135	1.4714770177047798
4.178518453667183	1.6489952956933953
3.3797802293057337	1.6489952956933953
2.641842331983782	1.4714770177047798
2.0770491171448984	1.1755228284828114
1.7713852318850616	0.9098972737065613
1.7713852318850616	0.9098972737065613
2.0770491171448984	1.1755228284828114
2.641842331983782	1.4714770177047798
3.3797802293057337	1.6489952956933953
4.178518453667183	1.6489952956933953
4.916456350989135	1.4714770177047798
5.481249565828018	1.1755228284828114
5.786913451087855	0.9098972737065613
5.498238316493043	1.038225914095113
5.192574431233206	1.2774403783677064
4.627781216394323	1.5541057279456094
3.889843319072371	1.723132463050635
3.0911050947109207	1.723132463050635
2.353167197388969	1.5541057279456094
1.7883739825500857	1.2774403783677064
1.4827100972902487	1.038225914095113
1.4827100972902487	1.038225914095113
1.7883739825500857	1.2774403783677064
2.353167197388969	1.5541057279456094
3.0911050947109207	1.723132463050635
3.889843319072371	1.723132463050635
4.627781216394323	1.5541057279456094
5.192574431233206	1.2774403783677064
5.498238316493043	1.038225914095113
5.786913451087855	0.9098972737065613
5.481249565828018	1.1755228284828114
4.916456350989135	1.4714770177047798
4.178518453667183	1.6489952956933953
3.3797802293057337	1.6489952956933953
2.641842331983782	1.4714770177047798
2.0770491171448984	1.1755228284828114
1.7713852318850616	0.9098972737065613
1.7713852318850616	0.9098972737065613
2.0770491171448984	1.1755228284828114
2.641842331983782	1.4714770177047798
3.3797802293057337	1.6489952956933953
4.178518453667183	1.6489952956933953
4.916456350989135	1.4714770177047798
5.481249565828018	1.1755228284828114
5.786913451087855	0.9098972737065613
6.364263720277481	0.5726369257205065
6.058599835017644	0.9390707749068912
5.493806620178761	1.2904435724328873
4.7558687228568095	1.489693084235457
3.95713049849536	1.489693084235457
3.2191926011734076	1.2904435724328873
2.654399386334524	0.9390707749068912
2.3487355010746875	0.5726369257205065
2.3487355010746875	0.5726369257205065
2.654399386334524	0.9390707749068912
3.2191926011734076	1.2904435724328873
3.95713049849536	1.489693084235457
4.7558687228568095	1.489693084235457
5.493806620178761	1.2904435724328873
6.058599835017644	0.9390707749068912
6.364263720277481	0.5726369257205065
6.364263720277481	0.5726369257205065
6.058599835017644	0.9390707749068912
5.493806620178761	1.2904435724328873
4.7558687228568095	1.489693084235457
3.95713049849536	1.489693084235457
3.2191926011734076	1.2904435724328873
2.654399386334524	0.9390707749068912
2.3487355010746875	0.5726369257205065
2.3487355010746875	0.5726369257205065
2.654399386334524	0.9390707749068912
3.2191926011734076	1.2904435724328873
3.95713049849536	1.489693084235457
4.7558687228568095	1.489693084235457
5.493806620178761	1.2904435724328873
6.058599835017644	0.9390707749068912
6.364263720277481	0.5726369257205065
6.364263720277481	0.5726369257205065
6.058599835017644	0.9390707749068912
5.493806620178761	1.2904435724328873
4.7558687228568095	1.489693084235457
3.95713049849536	1.489693084235457
3.2191926011734076	1.2904435724328873
2.654399386334524	0.9390707749068912
2.3487355010746875	0.5726369257205065
2.3487355010746875	0.5726369257205065
2.654399386334524	0.9390707749068912
3.2191926011734076	1.2904435724328873
3.95713049849536	1.489693084235457
4.7558687228568095	1.489693084235457
5.493806620178761	1.2904435724328873
6.058599835017644	0.9390707749068912
6.364263720277481	0.5726369257205065
5.498238316493043	1.038225914095113
5.192574431233206	1.2774403783677064
4.627781216394323	1.5541057279456094
3.889843319072371	1.723132463050635
3.0911050947109207	1.723132463050635
2.353167197388969	1.5541057279456094
1.7883739825500857	1.2774403783677064
1.4827100972902487	1.038225914095113
1.4827100972902487	1.038225914095113
1.7883739825500857	1.2774403783677064
2.353167197388969	1.5541057279456094
3.0911050947109207	1.723132463050635
3.889843319072371	1.723132463050635
4.627781216394323	1.5541057279456094
5.192574431233206	1.2774403783677064
5.498238316493043	1.038225914095113
4.632212912708605	0.9098972737065613
4.326549027448768	1.1755228284828114
3.7617558126098842	1.4714770177047798
3.0238179152879323	1.6489952956933953
2.2250796909264823	1.6489952956933953
1.4871417936045304	1.4714770177047798
0.9223485787656471	1.1755228284828114
0.6166846935058102	0.9098972737065613
0.6166846935058102	0.9098972737065613
0.9223485787656471	1.1755228284828114
1.4871417936045304	1.4714770177047798
2.2250796909264823	1.6489952956933953
3.0238179152879323	1.6489952956933953
3.7617558126098842	1.4714770177047798
4.326549027448768	1.1755228284828114
4.632212912708605	0.9098972737065613
4.632212912708605	0.9098972737065613
4.326549027448768	1.1755228284828114
3.7617558126098842	1.4714770177047798
3.0238179152879323	1.6489952956933953
2.2250796909264823	1.6489952956933953
1.4871417936045304	1.4714770177047798
0.9223485787656471	1.1755228284828114
0.6166846935058102	0.9098972737065613
0.6166846935058102	0.9098972737065613
0.9223485787656471	1.1755228284828114
1.4871417936045304	1.4714770177047798
2.2250796909264823	1.6489952956933953
3.0238179152879323	1.6489952956933953
3.7617558126098842	1.4714770177047798
4.326549027448768	1.1755228284828114
4.632212912708605	0.9098972737065613
5.498238316493043	1.038225914095113
5.192574431233206	1.2774403783677064
4.627781216394323	1.5541057279456094
3.889843319072371	1.723132463050635
3.0911050947109207	1.723132463050635
2.353167197388969	1.5541057279456094
1.7883739825500857	1.2774403783677064
1.4827100972902487	1.038225914095113
1.4827100972902487	1.038225914095113
1.7883739825500857	1.2774403783677064
2.353167197388969	1.5541057279456094
3.0911050947109207	1.723132463050635
3.889843319072371	1.723132463050635
4.627781216394323	1.5541057279456094
5.192574431233206	1.2774403783677064
5.498238316493043	1.038225914095113
6.364263720277481	0.5726369257205065
6.058599835017644	0.9390707749068912
5.493806620178761	1.2904435724328873
4.7558687228568095	1.489693084235457
3.95713049849536	1.489693084235457
3.2191926011734076	1.2904435724328873
2.654399386334524	0.9390707749068912
2.3487355010746875	0.5726369257205065
2.3487355010746875	0.5726369257205065
2.654399386334524	0.9390707749068912
3.2191926011734076	1.2904435724328873
3.95713049849536	1.489693084235457
4.7558687228568095	1.489693084235457
5.493806620178761	1.2904435724328873
6.058599835017644	0.9390707749068912
6.364263720277481	0.5726369257205065
6.364263720277481	0.2791290896675459
6.058599835017644	0.7948923954122527
5.493806620178761	1.189640539672952
4.7558687228568095	1.4032766958867906
3.95713049849536	1.4032766958867906
3.2191926011734076	1.189640539672952
2.6543993863345245	0.7948923954122527
2.348735501074688	0.2791290896675459
2.348735501074688	0.2791290896675459
2.6543993863345245	0.7948923954122527
3.2191926011734076	1.189640539672952
3.95713049849536	1.4032766958867906
4.7558687228568095	1.4032766958867906
5.493806620178761	1.189640539672952
6.058599835017644	0.7948923954122527
6.364263720277481	0.2791290896675459
5.786913451087855	0.9098972737065613
5.481249565828018	1.1755228284828114
4.916456350989135	1.4714770177047798
4.178518453667183	1.6489952956933953
3.3797802293057337	1.6489952956933953
2.641842331983782	1.4714770177047798
2.0770491171448984	1.1755228284828114
1.7713852318850616	0.9098972737065613
1.7713852318850616	0.9098972737065613
2.0770491171448984	1.1755228284828114
2.641842331983782	1.4714770177047798
3.3797802293057337	1.6489952956933953
4.178518453667183	1.6489952956933953
4.916456350989135	1.4714770177047798
5.481249565828018	1.1755228284828114
5.786913451087855	0.9098972737065613
4.632212912708605	0.9098972737065613
4.326549027448768	1.1755228284828114
3.7617558126098842	1.4714770177047798
3.0238179152879323	1.6489952956933953
2.2250796909264823	1.6489952956933953
1.4871417936045304	1.4714770177047798
0.9223485787656471	1.1755228284828114
0.6166846935058102	0.9098972737065613
0.6166846935058102	0.9098972737065613
0.9223485787656471	1.1755228284828114
1.4871417936045304	1.4714770177047798
2.2250796909264823	1.6489952956933953
3.0238179152879323	1.6489952956933953
3.7617558126098842	1.4714770177047798
4.326549027448768	1.1755228284828114
4.632212912708605	0.9098972737065613
4.0548626435189785	0.2791290896675459
3.7491987582591415	0.7948923954122527
3.184405543420258	1.189640539672952
2.446467646098306	1.4032766958867906
1.6477294217368565	1.4032766958867906
0.9097915244149046	1.189640539672952
0.34499830957602123	0.7948923954122527
0.039334424316184405	0.2791290896675459
0.039334424316184405	0.2791290896675459
0.34499830957602123	0.7948923954122527
0.9097915244149046	1.189640539672952
1.6477294217368565	1.4032766958867906
2.446467646098306	1.4032766958867906
3.184405543420258	1.189640539672952
3.7491987582591415	0.7948923954122527
4.0548626435189785	0.2791290896675459
4.632212912708605	0.9098972737065613
4.326549027448768	1.1755228284828114
3.7617558126098842	1.4714770177047798
3.0238179152879323	1.6489952956933953
2.2250796909264823	1.6489952956933953
1.4871417936045304	1.4714770177047798
0.9223485787656471	1.1755228284828114
0.6166846935058102	0.9098972737065613
0.6166846935058102	0.9098972737065613
0.9223485787656471	1.1755228284828114
1.4871417936045304	1.4714770177047798
2.2250796909264823	1.6489952956933953
3.0238179152879323	1.6489952956933953
3.7617558126098842	1.4714770177047798
4.326549027448768	1.1755228284828114
4.632212912708605	0.9098972737065613
5.786913451087855	0.9098972737065613
5.481249565828018	1.1755228284828114
4.916456350989135	1.4714770177047798
4.178518453667183	1.6489952956933953
3.3797802293057337	1.6489952956933953
2.641842331983782	1.4714770177047798
2.0770491171448984	1.1755228284828114
1.7713852318850616	0.9098972737065613
1.7713852318850616	0.9098972737065613
2.0770491171448984	1.1755228284828114
2.641842331983782	1.4714770177047798
3.3797802293057337	1.6489952956933953
4.178518453667183	1.6489952956933953
4.916456350989135	1.4714770177047798
5.481249565828018	1.1755228284828114
5.786913451087855	0.9098972737065613
6.364263720277481	0.2791290896675459
6.058599835017644	0.7948923954122527
5.493806620178761	1.189640539672952
4.7558687228568095	1.4032766958867906
3.95713049849536	1.4032766958867906
3.2191926011734076	1.189640539672952
2.6543993863345245	0.7948923954122527
2.348735501074688	0.2791290896675459
2.348735501074688	0.2791290896675459
2.6543993863345245	0.7948923954122527
3.2191926011734076	1.189640539672952
3.95713049849536	1.4032766958867906
4.7558687228568095	1.4032766958867906
5.493806620178761	1.189640539672952
6.058599835017644	0.7948923954122527
6.364263720277481	0.2791290896675459
6.364263720277481	0.5726369257205065
6.058599835017644	0.9390707749068912
5.493806620178761	1.2904435724328873
4.7558687228568095	1.489693084235457
3.95713049849536	1.489693084235457
3.2191926011734076	1.2904435724328873
2.654399386334524	0.9390707749068912
2.3487355010746875	0.5726369257205065
2.3487355010746875	0.5726369257205065
2.654399386334524	0.9390707749068912
3.2191926011734076	1.2904435724328873
3.95713049849536	1.489693084235457
4.7558687228568095	1.489693084235457
5.493806620178761	1.2904435724328873
6.058599835017644	0.9390707749068912
6.364263720277481	0.5726369257205065
5.498238316493043	1.038225914095113
5.192574431233206	1.2774403783677064
4.627781216394323	1.5541057279456094
3.889843319072371	1.723132463050635
3.0911050947109207	1.723132463050635
2.353167197388969	1.5541057279456094
1.7883739825500857	1.2774403783677064
1.4827100972902487	1.038225914095113
1.4827100972902487	1.038225914095113
1.7883739825500857	1.2774403783677064
2.353167197388969	1.5541057279456094
3.0911050947109207	1.723132463050635
3.889843319072371	1.723132463050635
4.627781216394323	1.5541057279456094
5.192574431233206	1.2774403783677064
5.498238316493043	1.038225914095113
4.632212912708605	0.9098972737065613
4.326549027448768	1.1755228284828114
3.7617558126098842	1.4714770177047798
3.0238179152879323	1.6489952956933953
2.2250796909264823	1.6489952956933953
1.4871417936045304	1.4714770177047798
0.9223485787656471	1.1755228284828114
0.6166846935058102	0.9098972737065613
0.6166846935058102	0.9098972737065613
0.9223485787656471	1.1755228284828114
1.4871417936045304	1.4714770177047798
2.2250796909264823	1.6489952956933953
3.0238179152879323	1.6489952956933953
3.7617558126098842	1.4714770177047798
4.326549027448768	1.1755228284828114
4.632212912708605	0.9098972737065613
4.632212912708605	0.9098972737065613
4.326549027448768	1.1755228284828114
3.7617558126098842	1.4714770177047798
3.0238179152879323	1.6489952956933953
2.2250796909264823	1.6489952956933953
1.4871417936045304	1.4714770177047798
0.9223485787656471	1.1755228284828114
0.6166846935058102	0.9098972737065613
0.6166846935058102	0.9098972737065613
0.9223485787656471	1.1755228284828114
1.4871417936045304	1.4714770177047798
2.2250796909264823	1.6489952956933953
3.0238179152879323	1.6489952956933953
3.7617558126098842	1.4714770177047798
4.326549027448768	1.1755228284828114
4.632212912708605	0.9098972737065613
5.498238316493043	1.038225914095113
5.192574431233206	1.2774403783677064
4.627781216394323	1.5541057279456094
3.889843319072371	1.723132463050635
3.0911050947109207	1.723132463050635
2.353167197388969	1.5541057279456094
1.7883739825500857	1.2774403783677064
1.4827100972902487	1.038225914095113
1.4827100972902487	1.038225914095113
1.7883739825500857	1.2774403783677064
2.353167197388969	1.5541057279456094
3.0911050947109207	1.723132463050635
3.889843319072371	1.723132463050635
4.627781216394323	1.5541057279456094
5.192574431233206	1.2774403783677064
5.498238316493043	1.038225914095113
6.364263720277481	0.5726369257205065
6.058599835017644	0.9390707749068912
5.493806620178761	1.2904435724328873
4.7558687228568095	1.489693084235457
3.95713049849536	1.489693084235457
3.2191926011734076	1.2904435724328873
2.654399386334524	0.9390707749068912
2.3487355010746875	0.5726369257205065
2.3487355010746875	0.5726369257205065
2.654399386334524	0.9390707749068912
3.2191926011734076	1.2904435724328873
3.95713049849536	1.489693084235457
4.7558687228568095	1.489693084235457
5.493806620178761	1.2904435724328873
6.058599835017644	0.9390707749068912
6.364263720277481	0.5726369257205065
6.364263720277481	0.5726369257205065
6.058599835017644	0.9390707749068912
5.493806620178761	1.2904435724328873
4.7558687228568095	1.489693084235457
3.95713049849536	1.489693084235457
3.2191926011734076	1.2904435724328873
2.654399386334524	0.9390707749068912
2.3487355010746875	0.5726369257205065
2.3487355010746875	0.5726369257205065
2.654399386334524	0.9390707749068912
3.2191926011734076	1.2904435724328873
3.95713049849536	1.489693084235457
4.7558687228568095	1.489693084235457
5.493806620178761	1.2904435724328873
6.058599835017644	0.9390707749068912
6.364263720277481	0.5726369257205065
6.364263720277481	0.5726369257205065
6.058599835017644	0.9390707749068912
5.493806620178761	1.2904435724328873
4.7558687228568095	1.489693084235457
3.95713049849536	1.489693084235457
3.2191926011734076	1.2904435724328873
2.654399386334524	0.9390707749068912
2.3487355010746875	0.5726369257205065
2.3487355010746875	0.5726369257205065
2.654399386334524	0.9390707749068912
3.2191926011734076	1.2904435724328873
3.95713049849536	1.489693084235457
4.7558687228568095	1.489693084235457
5.493806620178761	1.2904435724328873
6.058599835017644	0.9390707749068912
6.364263720277481	0.5726369257205065
5.786913451087855	0.9098972737065613
5.481249565828018	1.1755228284828114
4.916456350989135	1.4714770177047798
4.178518453667183	1.6489952956933953
3.3797802293057337	1.6489952956933953
2.641842331983782	1.4714770177047798
2.0770491171448984	1.1755228284828114
1.7713852318850616	0.9098972737065613
1.7713852318850616	0.9098972737065613
2.0770491171448984	1.1755228284828114
2.641842331983782	1.4714770177047798
3.3797802293057337	1.6489952956933953
4.178518453667183	1.6489952956933953
4.916456350989135	1.4714770177047798
5.481249565828018	1.1755228284828114
5.786913451087855	0.9098972737065613
5.498238316493043	1.038225914095113
5.192574431233206	1.2774403783677064
4.627781216394323	1.5541057279456094
3.889843319072371	1.723132463050635
3.0911050947109207	1.723132463050635
2.353167197388969	1.5541057279456094
1.7883739825500857	1.2774403783677064
1.4827100972902487	1.038225914095113
1.4827100972902487	1.038225914095113
1.7883739825500857	1.2774403783677064
2.353167197388969	1.5541057279456094
3.0911050947109207	1.723132463050635
3.889843319072371	1.723132463050635
4.627781216394323	1.5541057279456094
5.192574431233206	1.2774403783677064
5.498238316493043	1.038225914095113
5.786913451087855	0.9098972737065613
5.481249565828018	1.1755228284828114
4.916456350989135	1.4714770177047798
4.178518453667183	1.6489952956933953
3.3797802293057337	1.6489952956933953
2.641842331983782	1.4714770177047798
2.0770491171448984	1.1755228284828114
1.7713852318850616	0.9098972737065613
1.7713852318850616	0.9098972737065613
2.0770491171448984	1.1755228284828114
2.641842331983782	1.4714770177047798
3.3797802293057337	1.6489952956933953
4.178518453667183	1.6489952956933953
4.916456350989135	1.4714770177047798
5.481249565828018	1.1755228284828114
5.786913451087855	0.9098972737065613
6.364263720277481	0.5726369257205065
6.058599835017644	0.9390707749068912
5.493806620178761	1.2904435724328873
4.7558687228568095	1.489693084235457
3.95713049849536	1.489693084235457
3.2191926011734076	1.2904435724328873
2.654399386334524	0.9390707749068912
2.3487355010746875	0.5726369257205065
2.3487355010746875	0.5726369257205065
2.654399386334524	0.9390707749068912
3.2191926011734076	1.2904435724328873
3.95713049849536	1.489693084235457
4.7558687228568095	1.489693084235457
5.493806620178761	1.2904435724328873
6.058599835017644	0.9390707749068912
6.364263720277481	0.5726369257205065
6.652938854872294	0.2791290896675459
6.347274969612457	0.7948923954122527
5.782481754773573	1.189640539672952
5.044543857451622	1.4032766958867906
4.245805633090172	1.4032766958867906
3.5078677357682206	1.189640539672952
2.943074520929337	0.7948923954122527
2.6374106356695	0.2791290896675459
2.6374106356695	0.2791290896675459
2.943074520929337	0.7948923954122527
3.5078677357682206	1.189640539672952
4.245805633090172	1.4032766958867906
5.044543857451622	1.4032766958867906
5.782481754773573	1.189640539672952
6.347274969612457	0.7948923954122527
6.652938854872294	0.2791290896675459
6.364263720277481	0.5726369257205065
6.058599835017644	0.9390707749068912
5.493806620178761	1.2904435724328873
4.7558687228568095	1.489693084235457
3.95713049849536	1.489693084235457
3.2191926011734076	1.2904435724328873
2.654399386334524	0.9390707749068912
2.3487355010746875	0.5726369257205065
2.3487355010746875	0.5726369257205065
2.654399386334524	0.9390707749068912
3.2191926011734076	1.2904435724328873
3.95713049849536	1.489693084235457
4.7558687228568095	1.489693084235457
5.493806620178761	1.2904435724328873
6.058599835017644	0.9390707749068912
6.364263720277481	0.5726369257205065
6.364263720277481	0.2791290896675459
6.058599835017644	0.7948923954122527
5.493806620178761	1.189640539672952
4.7558687228568095	1.4032766958867906
3.95713049849536	1.4032766958867906
3.2191926011734076	1.189640539672952
2.6543993863345245	0.7948923954122527
2.348735501074688	0.2791290896675459
2.348735501074688	0.2791290896675459
2.6543993863345245	0.7948923954122527
3.2191926011734076	1.189640539672952
3.95713049849536	1.4032766958867906
4.7558687228568095	1.4032766958867906
5.493806620178761	1.189640539672952
6.058599835017644	0.7948923954122527
6.364263720277481	0.2791290896675459
6.364263720277481	0.5726369257205065
6.058599835017644	0.9390707749068912
5.493806620178761	1.2904435724328873
4.7558687228568095	1.489693084235457
3.95713049849536	1.489693084235457
3.2191926011734076	1.2904435724328873
2.654399386334524	0.9390707749068912
2.3487355010746875	0.5726369257205065
2.3487355010746875	0.5726369257205065
2.654399386334524	0.9390707749068912
3.2191926011734076	1.2904435724328873
3.95713049849536	1.489693084235457
4.7558687228568095	1.489693084235457
5.493806620178761	1.2904435724328873
6.058599835017644	0.9390707749068912
6.364263720277481	0.5726369257205065
6.364263720277481	0.5726369257205065
6.058599835017644	0.9390707749068912
5.493806620178761	1.2904435724328873
4.7558687228568095	1.489693084235457
3.95713049849536	1.489693084235457
3.2191926011734076	1.2904435724328873
2.654399386334524	0.9390707749068912
2.3487355010746875	0.5726369257205065
2.3487355010746875	0.5726369257205065
2.654399386334524	0.9390707749068912
3.2191926011734076	1.2904435724328873
3.95713049849536	1.489693084235457
4.7558687228568095	1.489693084235457
5.493806620178761	1.2904435724328873
6.058599835017644	0.9390707749068912
6.364263720277481	0.5726369257205065
6.364263720277481	0.2791290896675459
6.058599835017644	0.7948923954122527
5.493806620178761	1.189640539672952
4.7558687228568095	1.4032766958867906
3.95713049849536	1.4032766958867906
3.2191926011734076	1.189640539672952
2.6543993863345245	0.7948923954122527
2.348735501074688	0.2791290896675459
2.348735501074688	0.2791290896675459
2.6543993863345245	0.7948923954122527
3.2191926011734076	1.189640539672952
3.95713049849536	1.4032766958867906
4.7558687228568095	1.4032766958867906
5.493806620178761	1.189640539672952
6.058599835017644	0.7948923954122527
6.364263720277481	0.2791290896675459
6.364263720277481	0.5726369257205065
6.058599835017644	0.9390707749068912
5.493806620178761	1.2904435724328873
4.7558687228568095	1.489693084235457
3.95713049849536	1.489693084235457
3.2191926011734076	1.2904435724328873
2.654399386334524	0.9390707749068912
2.3487355010746875	0.5726369257205065
2.3487355010746875	0.5726369257205065
2.654399386334524	0.9390707749068912
3.2191926011734076	1.2904435724328873
3.95713049849536	1.489693084235457
4.7558687228568095	1.489693084235457
5.493806620178761	1.2904435724328873
6.058599835017644	0.9390707749068912
6.364263720277481	0.5726369257205065
6.364263720277481	0.5726369257205065
6.058599835017644	0.9390707749068912
5.493806620178761	1.2904435724328873
4.7558687228568095	1.489693084235457
3.95713049849536	1.489693084235457
3.2191926011734076	1.2904435724328873
2.654399386334524	0.9390707749068912
2.3487355010746875	0.5726369257205065
2.3487355010746875	0.5726369257205065
2.654399386334524	0.9390707749068912
3.2191926011734076	1.2904435724328873
3.95713049849536	1.489693084235457
4.7558687228568095	1.489693084235457
5.493806620178761	1.2904435724328873
6.058599835017644	0.9390707749068912
6.364263720277481	0.5726369257205065
6.364263720277481	0.2791290896675459
6.058599835017644	0.7948923954122527
5.493806620178761	1.189640539672952
4.7558687228568095	1.4032766958867906
3.95713049849536	1.4032766958867906
3.2191926011734076	1.189640539672952
2.6543993863345245	0.7948923954122527
2.348735501074688	0.2791290896675459
2.348735501074688	0.2791290896675459
2.6543993863345245	0.7948923954122527
3.2191926011734076	1.189640539672952
3.95713049849536	1.4032766958867906
4.7558687228568095	1.4032766958867906
5.493806620178761	1.189640539672952
6.058599835017644	0.7948923954122527
6.364263720277481	0.2791290896675459